31
# x y z
-20	0	0
-18.666666666667	0	0
-17.333333333333	0	0
-16	0	0
-14.666666666667	0	0
-13.333333333333	0	0
-12	0	0
-10.666666666667	0	0
-9.3333333333333	0	0
-8	0	0
-6.6666666666667	0	0
-5.3333333333333	0	0
-4	0	0
-2.6666666666667	0	0
-1.3333333333333	0	0
0	0	0
1.3333333333333	0	0
2.6666666666667	0	0
4	0	0
5.3333333333333	0	0
6.6666666666667	0	0
8	0	0
9.3333333333333	0	0
10.666666666667	0	0
12	0	0
13.333333333333	0	0
14.666666666667	0	0
16	0	0
17.333333333333	0	0
18.666666666667	0	0
20	0	0
406
# a b m n err i ip iperr k r rhoa u valid 
1	2	3	4	3.00002495891728e-02	0.00000000000000e+00	0.00000000000000e+00	0.00000000000000e+00	-2.51327412287184e+01	-3.92206198042983e+00	9.85721688371379e+01	0.00000000000000e+00	1
2	3	4	5	3.00002495314614e-02	0.00000000000000e+00	0.00000000000000e+00	0.00000000000000e+00	-2.51327412287183e+01	-3.94856584944814e+00	9.92382837187342e+01	0.00000000000000e+00	1
3	4	5	6	3.00002495378299e-02	0.00000000000000e+00	0.00000000000000e+00	0.00000000000000e+00	-2.51327412287183e+01	-3.96871885136134e+00	9.97447839008006e+01	0.00000000000000e+00	1
4	5	6	7	3.00002494925602e-02	0.00000000000000e+00	0.00000000000000e+00	0.00000000000000e+00	-2.51327412287184e+01	-3.79709599251455e+00	9.54314310004717e+01	0.00000000000000e+00	1
5	6	7	8	3.00002494574132e-02	0.00000000000000e+00	0.00000000000000e+00	0.00000000000000e+00	-2.51327412287184e+01	-4.03355415515628e+00	1.01374272813565e+02	0.00000000000000e+00	1
6	7	8	9	3.00002494492662e-02	0.00000000000000e+00	0.00000000000000e+00	0.00000000000000e+00	-2.51327412287183e+01	-3.76694457850546e+00	9.46736433145010e+01	0.00000000000000e+00	1
7	8	9	10	3.00002493139060e-02	0.00000000000000e+00	0.00000000000000e+00	0.00000000000000e+00	-2.51327412287184e+01	-3.94395304882304e+00	9.91223513942843e+01	0.00000000000000e+00	1
8	9	10	11	3.00002489038493e-02	0.00000000000000e+00	0.00000000000000e+00	0.00000000000000e+00	-2.51327412287184e+01	-4.05826023521326e+00	1.01995204330413e+02	0.00000000000000e+00	1
9	10	11	12	3.00002479509246e-02	0.00000000000000e+00	0.00000000000000e+00	0.00000000000000e+00	-2.51327412287183e+01	-4.22045396557367e+00	1.06071577384481e+02	0.00000000000000e+00	1
10	11	12	13	3.00002467992358e-02	0.00000000000000e+00	0.00000000000000e+00	0.00000000000000e+00	-2.51327412287184e+01	-3.88525338005798e+00	9.76470678090006e+01	0.00000000000000e+00	1
11	12	13	14	3.00002501313537e-02	0.00000000000000e+00	0.00000000000000e+00	0.00000000000000e+00	-2.51327412287184e+01	-4.16884601995471e+00	1.04774528241894e+02	0.00000000000000e+00	1
12	13	14	15	3.00002537676721e-02	0.00000000000000e+00	0.00000000000000e+00	0.00000000000000e+00	-2.51327412287183e+01	-3.90757421424995e+00	9.82080515587562e+01	0.00000000000000e+00	1
13	14	15	16	3.00002532721140e-02	0.00000000000000e+00	0.00000000000000e+00	0.00000000000000e+00	-2.51327412287183e+01	-3.88203424970134e+00	9.75661622387652e+01	0.00000000000000e+00	1
14	15	16	17	3.00002520999911e-02	0.00000000000000e+00	0.00000000000000e+00	0.00000000000000e+00	-2.51327412287184e+01	-4.10786131157080e+00	1.03241815347173e+02	0.00000000000000e+00	1
15	16	17	18	3.00002525439867e-02	0.00000000000000e+00	0.00000000000000e+00	0.00000000000000e+00	-2.51327412287183e+01	-4.16147701576962e+00	1.04589324966597e+02	0.00000000000000e+00	1
16	17	18	19	3.00002533564919e-02	0.00000000000000e+00	0.00000000000000e+00	0.00000000000000e+00	-2.51327412287183e+01	-3.74674814772101e+00	9.41660516458516e+01	0.00000000000000e+00	1
17	18	19	20	3.00002535353455e-02	0.00000000000000e+00	0.00000000000000e+00	0.00000000000000e+00	-2.51327412287184e+01	-3.86145030605273e+00	9.70488313095788e+01	0.00000000000000e+00	1
18	19	20	21	3.00002501309720e-02	0.00000000000000e+00	0.00000000000000e+00	0.00000000000000e+00	-2.51327412287183e+01	-4.06782504033905e+00	1.02235594102542e+02	0.00000000000000e+00	1
19	20	21	22	3.00002468844610e-02	0.00000000000000e+00	0.00000000000000e+00	0.00000000000000e+00	-2.51327412287183e+01	-4.16934673030311e+00	1.04787112465511e+02	0.00000000000000e+00	1
20	21	22	23	3.00002479724335e-02	0.00000000000000e+00	0.00000000000000e+00	0.00000000000000e+00	-2.51327412287184e+01	-3.88542597757336e+00	9.76514056576917e+01	0.00000000000000e+00	1
21	22	23	24	3.00002489348065e-02	0.00000000000000e+00	0.00000000000000e+00	0.00000000000000e+00	-2.51327412287183e+01	-3.85690462110905e+00	9.69345857861815e+01	0.00000000000000e+00	1
22	23	24	25	3.00002492573900e-02	0.00000000000000e+00	0.00000000000000e+00	0.00000000000000e+00	-2.51327412287183e+01	-4.01174206851845e+00	1.00826075284437e+02	0.00000000000000e+00	1
23	24	25	26	3.00002494437671e-02	0.00000000000000e+00	0.00000000000000e+00	0.00000000000000e+00	-2.51327412287185e+01	-3.85080815170777e+00	9.67813647983111e+01	0.00000000000000e+00	1
24	25	26	27	3.00002495137352e-02	0.00000000000000e+00	0.00000000000000e+00	0.00000000000000e+00	-2.51327412287181e+01	-3.96215283387286e+00	9.95797618823589e+01	0.00000000000000e+00	1
25	26	27	28	3.00002495076022e-02	0.00000000000000e+00	0.00000000000000e+00	0.00000000000000e+00	-2.51327412287184e+01	-4.16002008002192e+00	1.04552708177464e+02	0.00000000000000e+00	1
26	27	28	29	3.00002495010681e-02	0.00000000000000e+00	0.00000000000000e+00	0.00000000000000e+00	-2.51327412287184e+01	-4.02250808084487e+00	1.01096654686303e+02	0.00000000000000e+00	1
27	28	29	30	3.00002495536451e-02	0.00000000000000e+00	0.00000000000000e+00	0.00000000000000e+00	-2.51327412287181e+01	-4.02493936695614e+00	1.01157759570989e+02	0.00000000000000e+00	1
28	29	30	31	3.00002495440329e-02	0.00000000000000e+00	0.00000000000000e+00	0.00000000000000e+00	-2.51327412287184e+01	-3.67625516239311e+00	9.23943696871663e+01	0.00000000000000e+00	1
1	2	4	5	3.00010042517497e-02	0.00000000000000e+00	0.00000000000000e+00	0.00000000000000e+00	-1.00530964914874e+02	-9.85104334779960e-01	9.90334893172541e+01	0.00000000000000e+00	1
2	3	5	6	3.00010037719799e-02	0.00000000000000e+00	0.00000000000000e+00	0.00000000000000e+00	-1.00530964914873e+02	-9.96472867230239e-01	1.00176378854146e+02	0.00000000000000e+00	1
3	4	6	7	3.00010034868122e-02	0.00000000000000e+00	0.00000000000000e+00	0.00000000000000e+00	-1.00530964914873e+02	-1.04072099953909e+00	1.04624686290836e+02	0.00000000000000e+00	1
4	5	7	8	3.00010027785596e-02	0.00000000000000e+00	0.00000000000000e+00	0.00000000000000e+00	-1.00530964914874e+02	-9.68579345440772e-01	9.73722161937775e+01	0.00000000000000e+00	1
5	6	8	9	3.00010024756819e-02	0.00000000000000e+00	0.00000000000000e+00	0.00000000000000e+00	-1.00530964914873e+02	-1.03730354189888e+00	1.04281125976710e+02	0.00000000000000e+00	1
6	7	9	10	3.00010014817198e-02	0.00000000000000e+00	0.00000000000000e+00	0.00000000000000e+00	-1.00530964914873e+02	-9.68987755437879e-01	9.74132740448672e+01	0.00000000000000e+00	1
7	8	10	11	3.00009977071494e-02	0.00000000000000e+00	0.00000000000000e+00	0.00000000000000e+00	-1.00530964914874e+02	-1.01647781831515e+00	1.02187495889787e+02	0.00000000000000e+00	1
8	9	11	12	3.00009893163817e-02	0.00000000000000e+00	0.00000000000000e+00	0.00000000000000e+00	-1.00530964914873e+02	-1.01053375235598e+00	1.01589933203394e+02	0.00000000000000e+00	1
9	10	12	13	3.00009824462925e-02	0.00000000000000e+00	0.00000000000000e+00	0.00000000000000e+00	-1.00530964914873e+02	-1.02907500289116e+00	1.03453903010425e+02	0.00000000000000e+00	1
10	11	13	14	3.00010218885969e-02	0.00000000000000e+00	0.00000000000000e+00	0.00000000000000e+00	-1.00530964914874e+02	-1.01141923736783e+00	1.01678951866053e+02	0.00000000000000e+00	1
11	12	14	15	3.00010992424664e-02	0.00000000000000e+00	0.00000000000000e+00	0.00000000000000e+00	-1.00530964914873e+02	-9.09488418899030e-01	9.14317483308219e+01	0.00000000000000e+00	1
12	13	15	16	3.00011463042337e-02	0.00000000000000e+00	0.00000000000000e+00	0.00000000000000e+00	-1.00530964914873e+02	-8.84573192776557e-01	8.89269966076574e+01	0.00000000000000e+00	1
13	14	16	17	3.00011539564517e-02	0.00000000000000e+00	0.00000000000000e+00	0.00000000000000e+00	-1.00530964914874e+02	-8.99426938740905e-01	9.04202580220541e+01	0.00000000000000e+00	1
14	15	17	18	3.00011533651410e-02	0.00000000000000e+00	0.00000000000000e+00	0.00000000000000e+00	-1.00530964914874e+02	-8.43574411812943e-01	8.48053495970521e+01	0.00000000000000e+00	1
15	16	18	19	3.00011575510667e-02	0.00000000000000e+00	0.00000000000000e+00	0.00000000000000e+00	-1.00530964914873e+02	-8.37227450417980e-01	8.41672834437386e+01	0.00000000000000e+00	1
16	17	19	20	3.00011440279625e-02	0.00000000000000e+00	0.00000000000000e+00	0.00000000000000e+00	-1.00530964914874e+02	-8.89043832610058e-01	8.93764343439065e+01	0.00000000000000e+00	1
17	18	20	21	3.00010974123167e-02	0.00000000000000e+00	0.00000000000000e+00	0.00000000000000e+00	-1.00530964914874e+02	-9.28776387949170e-01	9.33707864706811e+01	0.00000000000000e+00	1
18	19	21	22	3.00010218414691e-02	0.00000000000000e+00	0.00000000000000e+00	0.00000000000000e+00	-1.00530964914873e+02	-9.86253400232353e-01	9.91490059759329e+01	0.00000000000000e+00	1
19	20	22	23	3.00009834623295e-02	0.00000000000000e+00	0.00000000000000e+00	0.00000000000000e+00	-1.00530964914874e+02	-1.05321422738036e+00	1.05880642540620e+02	0.00000000000000e+00	1
20	21	23	24	3.00009898205348e-02	0.00000000000000e+00	0.00000000000000e+00	0.00000000000000e+00	-1.00530964914874e+02	-9.78571285785224e-01	9.83767155979772e+01	0.00000000000000e+00	1
21	22	24	25	3.00009975249445e-02	0.00000000000000e+00	0.00000000000000e+00	0.00000000000000e+00	-1.00530964914873e+02	-1.00668841689768e+00	1.01203357919350e+02	0.00000000000000e+00	1
22	23	25	26	3.00010010232258e-02	0.00000000000000e+00	0.00000000000000e+00	0.00000000000000e+00	-1.00530964914874e+02	-9.47109485536178e-01	9.52138304609817e+01	0.00000000000000e+00	1
23	24	26	27	3.00010029883070e-02	0.00000000000000e+00	0.00000000000000e+00	0.00000000000000e+00	-1.00530964914873e+02	-9.93113447642589e-01	9.98386531614458e+01	0.00000000000000e+00	1
24	25	27	28	3.00010033581272e-02	0.00000000000000e+00	0.00000000000000e+00	0.00000000000000e+00	-1.00530964914873e+02	-9.57475560066324e-01	9.62559419358760e+01	0.00000000000000e+00	1
25	26	28	29	3.00010032945871e-02	0.00000000000000e+00	0.00000000000000e+00	0.00000000000000e+00	-1.00530964914874e+02	-9.31788590292091e-01	9.36736060787343e+01	0.00000000000000e+00	1
26	27	29	30	3.00010036788867e-02	0.00000000000000e+00	0.00000000000000e+00	0.00000000000000e+00	-1.00530964914873e+02	-9.64465329039862e-01	9.69586301553178e+01	0.00000000000000e+00	1
27	28	30	31	3.00010039941704e-02	0.00000000000000e+00	0.00000000000000e+00	0.00000000000000e+00	-1.00530964914873e+02	-9.95030788831952e-01	1.00031405321283e+02	0.00000000000000e+00	1
1	2	5	6	3.00026104758809e-02	0.00000000000000e+00	0.00000000000000e+00	0.00000000000000e+00	-2.51327412287183e+02	-3.99925434303409e-01	1.00512224511304e+02	0.00000000000000e+00	1
2	3	6	7	3.00026078457803e-02	0.00000000000000e+00	0.00000000000000e+00	0.00000000000000e+00	-2.51327412287183e+02	-3.93543815651655e-01	9.89083488093548e+01	0.00000000000000e+00	1
3	4	7	8	3.00026048687341e-02	0.00000000000000e+00	0.00000000000000e+00	0.00000000000000e+00	-2.51327412287184e+02	-3.91613373560535e-01	9.84231757940235e+01	0.00000000000000e+00	1
4	5	8	9	3.00026018445502e-02	0.00000000000000e+00	0.00000000000000e+00	0.00000000000000e+00	-2.51327412287183e+02	-3.92385202231331e-01	9.86171574965835e+01	0.00000000000000e+00	1
5	6	9	10	3.00025976068630e-02	0.00000000000000e+00	0.00000000000000e+00	0.00000000000000e+00	-2.51327412287183e+02	-3.82050030151594e-01	9.60196454422404e+01	0.00000000000000e+00	1
6	7	10	11	3.00025830100870e-02	0.00000000000000e+00	0.00000000000000e+00	0.00000000000000e+00	-2.51327412287183e+02	-3.93742589485175e-01	9.89583061225637e+01	0.00000000000000e+00	1
7	8	11	12	3.00025528799735e-02	0.00000000000000e+00	0.00000000000000e+00	0.00000000000000e+00	-2.51327412287183e+02	-3.95291758039119e-01	9.93476546464232e+01	0.00000000000000e+00	1
8	9	12	13	3.00025339260483e-02	0.00000000000000e+00	0.00000000000000e+00	0.00000000000000e+00	-2.51327412287183e+02	-3.82803822852119e-01	9.62090942110644e+01	0.00000000000000e+00	1
9	10	13	14	3.00026927007820e-02	0.00000000000000e+00	0.00000000000000e+00	0.00000000000000e+00	-2.51327412287183e+02	-3.44004375451576e-01	8.64577294977133e+01	0.00000000000000e+00	1
10	11	14	15	3.00030268240100e-02	0.00000000000000e+00	0.00000000000000e+00	0.00000000000000e+00	-2.51327412287184e+02	-3.32880263605022e-01	8.36619352533259e+01	0.00000000000000e+00	1
11	12	15	16	3.00033340913046e-02	0.00000000000000e+00	0.00000000000000e+00	0.00000000000000e+00	-2.51327412287183e+02	-3.06799083641957e-01	7.71070197838122e+01	0.00000000000000e+00	1
12	13	16	17	3.00035404897526e-02	0.00000000000000e+00	0.00000000000000e+00	0.00000000000000e+00	-2.51327412287183e+02	-2.69027965262557e-01	6.76141023423246e+01	0.00000000000000e+00	1
13	14	17	18	3.00036555167182e-02	0.00000000000000e+00	0.00000000000000e+00	0.00000000000000e+00	-2.51327412287184e+02	-2.75184623664851e-01	6.91614393669097e+01	0.00000000000000e+00	1
14	15	18	19	3.00036616288072e-02	0.00000000000000e+00	0.00000000000000e+00	0.00000000000000e+00	-2.51327412287183e+02	-2.73801068277961e-01	6.88137139717665e+01	0.00000000000000e+00	1
15	16	19	20	3.00035405506441e-02	0.00000000000000e+00	0.00000000000000e+00	0.00000000000000e+00	-2.51327412287183e+02	-2.87869770189142e-01	7.23495644173430e+01	0.00000000000000e+00	1
16	17	20	21	3.00033238379076e-02	0.00000000000000e+00	0.00000000000000e+00	0.00000000000000e+00	-2.51327412287184e+02	-2.93719987096494e-01	7.38198842939870e+01	0.00000000000000e+00	1
17	18	21	22	3.00030184157408e-02	0.00000000000000e+00	0.00000000000000e+00	0.00000000000000e+00	-2.51327412287183e+02	-3.38965168306292e-01	8.51912386059098e+01	0.00000000000000e+00	1
18	19	22	23	3.00026943380448e-02	0.00000000000000e+00	0.00000000000000e+00	0.00000000000000e+00	-2.51327412287183e+02	-3.49426981904905e-01	8.78205791454801e+01	0.00000000000000e+00	1
19	20	23	24	3.00025384465710e-02	0.00000000000000e+00	0.00000000000000e+00	0.00000000000000e+00	-2.51327412287184e+02	-3.78647484554565e-01	9.51644924621504e+01	0.00000000000000e+00	1
20	21	24	25	3.00025530595706e-02	0.00000000000000e+00	0.00000000000000e+00	0.00000000000000e+00	-2.51327412287183e+02	-3.79071274865214e-01	9.52710025842778e+01	0.00000000000000e+00	1
21	22	25	26	3.00025823739717e-02	0.00000000000000e+00	0.00000000000000e+00	0.00000000000000e+00	-2.51327412287183e+02	-3.87597157886176e-01	9.74137907013994e+01	0.00000000000000e+00	1
22	23	26	27	3.00025973900456e-02	0.00000000000000e+00	0.00000000000000e+00	0.00000000000000e+00	-2.51327412287183e+02	-3.93943640748617e-01	9.90088358163417e+01	0.00000000000000e+00	1
23	24	27	28	3.00026047042558e-02	0.00000000000000e+00	0.00000000000000e+00	0.00000000000000e+00	-2.51327412287183e+02	-3.73883460666499e-01	9.39671626662882e+01	0.00000000000000e+00	1
24	25	28	29	3.00026059659884e-02	0.00000000000000e+00	0.00000000000000e+00	0.00000000000000e+00	-2.51327412287183e+02	-3.85649988668400e-01	9.69244137006105e+01	0.00000000000000e+00	1
25	26	29	30	3.00026072621004e-02	0.00000000000000e+00	0.00000000000000e+00	0.00000000000000e+00	-2.51327412287183e+02	-3.90860339980961e-01	9.82339178131037e+01	0.00000000000000e+00	1
26	27	30	31	3.00026091671610e-02	0.00000000000000e+00	0.00000000000000e+00	0.00000000000000e+00	-2.51327412287183e+02	-3.95702121693083e-01	9.94507902816704e+01	0.00000000000000e+00	1
1	2	6	7	3.00055834463969e-02	0.00000000000000e+00	0.00000000000000e+00	0.00000000000000e+00	-5.02654824574368e+02	-1.77581217909913e-01	8.92620559362098e+01	0.00000000000000e+00	1
2	3	7	8	3.00055701410466e-02	0.00000000000000e+00	0.00000000000000e+00	0.00000000000000e+00	-5.02654824574365e+02	-1.87904092528060e-01	9.44508986664974e+01	0.00000000000000e+00	1
3	4	8	9	3.00055594845466e-02	0.00000000000000e+00	0.00000000000000e+00	0.00000000000000e+00	-5.02654824574367e+02	-1.75240343961352e-01	8.80854043522452e+01	0.00000000000000e+00	1
4	5	9	10	3.00055433822380e-02	0.00000000000000e+00	0.00000000000000e+00	0.00000000000000e+00	-5.02654824574368e+02	-1.78881573427005e-01	8.99156859105380e+01	0.00000000000000e+00	1
5	6	10	11	3.00055025833706e-02	0.00000000000000e+00	0.00000000000000e+00	0.00000000000000e+00	-5.02654824574368e+02	-1.81267008564517e-01	9.11147363911178e+01	0.00000000000000e+00	1
6	7	11	12	3.00054257431321e-02	0.00000000000000e+00	0.00000000000000e+00	0.00000000000000e+00	-5.02654824574367e+02	-1.83092132253463e-01	9.20321436188113e+01	0.00000000000000e+00	1
7	8	12	13	3.00053966716446e-02	0.00000000000000e+00	0.00000000000000e+00	0.00000000000000e+00	-5.02654824574368e+02	-1.73214226314109e-01	8.70669665417034e+01	0.00000000000000e+00	1
8	9	13	14	3.00058267970306e-02	0.00000000000000e+00	0.00000000000000e+00	0.00000000000000e+00	-5.02654824574368e+02	-1.76288147404964e-01	8.86120878083825e+01	0.00000000000000e+00	1
9	10	14	15	3.00066918018252e-02	0.00000000000000e+00	0.00000000000000e+00	0.00000000000000e+00	-5.02654824574367e+02	-1.52801174493384e-01	7.68062475597290e+01	0.00000000000000e+00	1
10	11	15	16	3.00075076776201e-02	0.00000000000000e+00	0.00000000000000e+00	0.00000000000000e+00	-5.02654824574365e+02	-1.30897720806470e-01	6.57963708891605e+01	0.00000000000000e+00	1
11	12	16	17	3.00081943598481e-02	0.00000000000000e+00	0.00000000000000e+00	0.00000000000000e+00	-5.02654824574368e+02	-1.20684031244115e-01	6.06624105539379e+01	0.00000000000000e+00	1
12	13	17	18	3.00088509562932e-02	0.00000000000000e+00	0.00000000000000e+00	0.00000000000000e+00	-5.02654824574367e+02	-1.15578383971930e-01	5.80960323199992e+01	0.00000000000000e+00	1
13	14	18	19	3.00092697062424e-02	0.00000000000000e+00	0.00000000000000e+00	0.00000000000000e+00	-5.02654824574365e+02	-1.04315058568243e-01	5.24344674650850e+01	0.00000000000000e+00	1
14	15	19	20	3.00088573197527e-02	0.00000000000000e+00	0.00000000000000e+00	0.00000000000000e+00	-5.02654824574368e+02	-1.15387207203474e-01	5.79999363949884e+01	0.00000000000000e+00	1
15	16	20	21	3.00081694964997e-02	0.00000000000000e+00	0.00000000000000e+00	0.00000000000000e+00	-5.02654824574365e+02	-1.22290586871544e-01	6.14699534910120e+01	0.00000000000000e+00	1
16	17	21	22	3.00074842579507e-02	0.00000000000000e+00	0.00000000000000e+00	0.00000000000000e+00	-5.02654824574365e+02	-1.28506021038754e-01	6.45941714619845e+01	0.00000000000000e+00	1
17	18	22	23	3.00066720621120e-02	0.00000000000000e+00	0.00000000000000e+00	0.00000000000000e+00	-5.02654824574368e+02	-1.51364442769598e-01	7.60840674271493e+01	0.00000000000000e+00	1
18	19	23	24	3.00058319362740e-02	0.00000000000000e+00	0.00000000000000e+00	0.00000000000000e+00	-5.02654824574365e+02	-1.68678348751048e-01	8.47869858009516e+01	0.00000000000000e+00	1
19	20	24	25	3.00054040394090e-02	0.00000000000000e+00	0.00000000000000e+00	0.00000000000000e+00	-5.02654824574365e+02	-1.79205476589923e-01	9.00784973980734e+01	0.00000000000000e+00	1
20	21	25	26	3.00054257468752e-02	0.00000000000000e+00	0.00000000000000e+00	0.00000000000000e+00	-5.02654824574369e+02	-1.80016538556254e-01	9.04861816084789e+01	0.00000000000000e+00	1
21	22	26	27	3.00055034442510e-02	0.00000000000000e+00	0.00000000000000e+00	0.00000000000000e+00	-5.02654824574364e+02	-1.81032537339386e-01	9.09968782985813e+01	0.00000000000000e+00	1
22	23	27	28	3.00055455850029e-02	0.00000000000000e+00	0.00000000000000e+00	0.00000000000000e+00	-5.02654824574365e+02	-1.77418447964331e-01	8.91802388377671e+01	0.00000000000000e+00	1
23	24	28	29	3.00055662593464e-02	0.00000000000000e+00	0.00000000000000e+00	0.00000000000000e+00	-5.02654824574369e+02	-1.80545328585787e-01	9.07519804680108e+01	0.00000000000000e+00	1
24	25	29	30	3.00055729443123e-02	0.00000000000000e+00	0.00000000000000e+00	0.00000000000000e+00	-5.02654824574364e+02	-1.84283321152896e-01	9.26309004660901e+01	0.00000000000000e+00	1
25	26	30	31	3.00055792174659e-02	0.00000000000000e+00	0.00000000000000e+00	0.00000000000000e+00	-5.02654824574368e+02	-1.85997928962305e-01	9.34927563537430e+01	0.00000000000000e+00	1
1	2	7	8	3.00105568889957e-02	0.00000000000000e+00	0.00000000000000e+00	0.00000000000000e+00	-8.79645943005146e+02	-9.80056001339082e-02	8.62102285495769e+01	0.00000000000000e+00	1
2	3	8	9	3.00105181570227e-02	0.00000000000000e+00	0.00000000000000e+00	0.00000000000000e+00	-8.79645943005140e+02	-9.31499817162340e-02	8.19390035076883e+01	0.00000000000000e+00	1
3	4	9	10	3.00104750752961e-02	0.00000000000000e+00	0.00000000000000e+00	0.00000000000000e+00	-8.79645943005140e+02	-9.79952146796944e-02	8.62010930269109e+01	0.00000000000000e+00	1
4	5	10	11	3.00103760289636e-02	0.00000000000000e+00	0.00000000000000e+00	0.00000000000000e+00	-8.79645943005146e+02	-9.11677375623844e-02	8.01953304797093e+01	0.00000000000000e+00	1
5	6	11	12	3.00102145821101e-02	0.00000000000000e+00	0.00000000000000e+00	0.00000000000000e+00	-8.79645943005140e+02	-9.88262596264649e-02	8.69321183427925e+01	0.00000000000000e+00	1
6	7	12	13	3.00101944461965e-02	0.00000000000000e+00	0.00000000000000e+00	0.00000000000000e+00	-8.79645943005140e+02	-9.72126058003879e-02	8.55126743012692e+01	0.00000000000000e+00	1
7	8	13	14	3.00111590484333e-02	0.00000000000000e+00	0.00000000000000e+00	0.00000000000000e+00	-8.79645943005146e+02	-9.20964103800531e-02	8.10122337561507e+01	0.00000000000000e+00	1
8	9	14	15	3.00129554283366e-02	0.00000000000000e+00	0.00000000000000e+00	0.00000000000000e+00	-8.79645943005140e+02	-7.51847380574554e-02	6.61359498081449e+01	0.00000000000000e+00	1
9	10	15	16	3.00145117194367e-02	0.00000000000000e+00	0.00000000000000e+00	0.00000000000000e+00	-8.79645943005140e+02	-7.07843666405146e-02	6.22651809435171e+01	0.00000000000000e+00	1
10	11	16	17	3.00156979101815e-02	0.00000000000000e+00	0.00000000000000e+00	0.00000000000000e+00	-8.79645943005146e+02	-6.39774469719999e-02	5.62775016727465e+01	0.00000000000000e+00	1
11	12	17	18	3.00168416316934e-02	0.00000000000000e+00	0.00000000000000e+00	0.00000000000000e+00	-8.79645943005140e+02	-5.86124477379307e-02	5.15582018622715e+01	0.00000000000000e+00	1
12	13	18	19	3.00178185086702e-02	0.00000000000000e+00	0.00000000000000e+00	0.00000000000000e+00	-8.79645943005140e+02	-5.61949263313732e-02	4.94316389648652e+01	0.00000000000000e+00	1
13	14	19	20	3.00178163146649e-02	0.00000000000000e+00	0.00000000000000e+00	0.00000000000000e+00	-8.79645943005146e+02	-5.41745278998192e-02	4.76544036812951e+01	0.00000000000000e+00	1
14	15	20	21	3.00167894296667e-02	0.00000000000000e+00	0.00000000000000e+00	0.00000000000000e+00	-8.79645943005146e+02	-5.93027959154827e-02	5.21654638359165e+01	0.00000000000000e+00	1
15	16	21	22	3.00156668933440e-02	0.00000000000000e+00	0.00000000000000e+00	0.00000000000000e+00	-8.79645943005140e+02	-6.58648490604544e-02	5.79377472626746e+01	0.00000000000000e+00	1
16	17	22	23	3.00144627867915e-02	0.00000000000000e+00	0.00000000000000e+00	0.00000000000000e+00	-8.79645943005146e+02	-7.22631267429547e-02	6.35659662683068e+01	0.00000000000000e+00	1
17	18	23	24	3.00129087639919e-02	0.00000000000000e+00	0.00000000000000e+00	0.00000000000000e+00	-8.79645943005146e+02	-7.95371125292302e-02	6.99644983546811e+01	0.00000000000000e+00	1
18	19	24	25	3.00111667764583e-02	0.00000000000000e+00	0.00000000000000e+00	0.00000000000000e+00	-8.79645943005140e+02	-8.98474842800636e-02	7.90339750361761e+01	0.00000000000000e+00	1
19	20	25	26	3.00102071805693e-02	0.00000000000000e+00	0.00000000000000e+00	0.00000000000000e+00	-8.79645943005146e+02	-9.71444342867430e-02	8.54527075058634e+01	0.00000000000000e+00	1
20	21	26	27	3.00102172496860e-02	0.00000000000000e+00	0.00000000000000e+00	0.00000000000000e+00	-8.79645943005140e+02	-9.92567614174285e-02	8.73108074966701e+01	0.00000000000000e+00	1
21	22	27	28	3.00103827692326e-02	0.00000000000000e+00	0.00000000000000e+00	0.00000000000000e+00	-8.79645943005140e+02	-9.59588968826583e-02	8.44098543380789e+01	0.00000000000000e+00	1
22	23	28	29	3.00104816981235e-02	0.00000000000000e+00	0.00000000000000e+00	0.00000000000000e+00	-8.79645943005146e+02	-1.00585844026491e-01	8.84799296216508e+01	0.00000000000000e+00	1
23	24	29	30	3.00105349826249e-02	0.00000000000000e+00	0.00000000000000e+00	0.00000000000000e+00	-8.79645943005140e+02	-9.43193440520345e-02	8.29676283422781e+01	0.00000000000000e+00	1
24	25	30	31	3.00105570238160e-02	0.00000000000000e+00	0.00000000000000e+00	0.00000000000000e+00	-8.79645943005140e+02	-9.44254192500134e-02	8.30609369598337e+01	0.00000000000000e+00	1
1	2	8	9	3.00181896647905e-02	0.00000000000000e+00	0.00000000000000e+00	0.00000000000000e+00	-1.40743350880823e+03	-5.59004510013668e-02	7.86761678968161e+01	0.00000000000000e+00	1
2	3	9	10	3.00180750923757e-02	0.00000000000000e+00	0.00000000000000e+00	0.00000000000000e+00	-1.40743350880822e+03	-5.33659783893194e-02	7.51090662154634e+01	0.00000000000000e+00	1
3	4	10	11	3.00178708433060e-02	0.00000000000000e+00	0.00000000000000e+00	0.00000000000000e+00	-1.40743350880822e+03	-5.51712926823588e-02	7.76499260454175e+01	0.00000000000000e+00	1
4	5	11	12	3.00175652675524e-02	0.00000000000000e+00	0.00000000000000e+00	0.00000000000000e+00	-1.40743350880823e+03	-5.39528928576955e-02	7.59351093050607e+01	0.00000000000000e+00	1
5	6	12	13	3.00176098241105e-02	0.00000000000000e+00	0.00000000000000e+00	0.00000000000000e+00	-1.40743350880823e+03	-5.67801717833598e-02	7.99143164037880e+01	0.00000000000000e+00	1
6	7	13	14	3.00195162039828e-02	0.00000000000000e+00	0.00000000000000e+00	0.00000000000000e+00	-1.40743350880823e+03	-4.79015096198860e-02	6.74181897615272e+01	0.00000000000000e+00	1
7	8	14	15	3.00227601875023e-02	0.00000000000000e+00	0.00000000000000e+00	0.00000000000000e+00	-1.40743350880822e+03	-4.44963365658009e-02	6.26256351019167e+01	0.00000000000000e+00	1
8	9	15	16	3.00253849770511e-02	0.00000000000000e+00	0.00000000000000e+00	0.00000000000000e+00	-1.40743350880823e+03	-3.95666332688820e-02	5.56874054933509e+01	0.00000000000000e+00	1
9	10	16	17	3.00270387329755e-02	0.00000000000000e+00	0.00000000000000e+00	0.00000000000000e+00	-1.40743350880823e+03	-3.70498069134073e-02	5.21451397448041e+01	0.00000000000000e+00	1
10	11	17	18	3.00281899240194e-02	0.00000000000000e+00	0.00000000000000e+00	0.00000000000000e+00	-1.40743350880822e+03	-3.49503791890887e-02	4.91903348162770e+01	0.00000000000000e+00	1
11	12	18	19	3.00284764946358e-02	0.00000000000000e+00	0.00000000000000e+00	0.00000000000000e+00	-1.40743350880823e+03	-3.40440722923347e-02	4.79147681205215e+01	0.00000000000000e+00	1
12	13	19	20	3.00276066510426e-02	0.00000000000000e+00	0.00000000000000e+00	0.00000000000000e+00	-1.40743350880823e+03	-3.66792332033183e-02	5.16235818877415e+01	0.00000000000000e+00	1
13	14	20	21	3.00283163222523e-02	0.00000000000000e+00	0.00000000000000e+00	0.00000000000000e+00	-1.40743350880822e+03	-3.44973165568580e-02	4.85526792860866e+01	0.00000000000000e+00	1
14	15	21	22	3.00281837626277e-02	0.00000000000000e+00	0.00000000000000e+00	0.00000000000000e+00	-1.40743350880822e+03	-3.70134085460890e-02	5.20939114629742e+01	0.00000000000000e+00	1
15	16	22	23	3.00269736036800e-02	0.00000000000000e+00	0.00000000000000e+00	0.00000000000000e+00	-1.40743350880822e+03	-4.00641863913850e-02	5.63876784303736e+01	0.00000000000000e+00	1
16	17	23	24	3.00252642509782e-02	0.00000000000000e+00	0.00000000000000e+00	0.00000000000000e+00	-1.40743350880822e+03	-4.00531173667157e-02	5.63720995141442e+01	0.00000000000000e+00	1
17	18	24	25	3.00227079848210e-02	0.00000000000000e+00	0.00000000000000e+00	0.00000000000000e+00	-1.40743350880822e+03	-4.46679243797277e-02	6.28671335409404e+01	0.00000000000000e+00	1
18	19	25	26	3.00195186871348e-02	0.00000000000000e+00	0.00000000000000e+00	0.00000000000000e+00	-1.40743350880822e+03	-5.24878015193039e-02	7.38730906619434e+01	0.00000000000000e+00	1
19	20	26	27	3.00176331143263e-02	0.00000000000000e+00	0.00000000000000e+00	0.00000000000000e+00	-1.40743350880822e+03	-5.58550431964465e-02	7.86122594306094e+01	0.00000000000000e+00	1
20	21	27	28	3.00175777612768e-02	0.00000000000000e+00	0.00000000000000e+00	0.00000000000000e+00	-1.40743350880822e+03	-5.71374509217137e-02	8.04171630351050e+01	0.00000000000000e+00	1
21	22	28	29	3.00178872419939e-02	0.00000000000000e+00	0.00000000000000e+00	0.00000000000000e+00	-1.40743350880822e+03	-5.59714825935085e-02	7.87761401397800e+01	0.00000000000000e+00	1
22	23	29	30	3.00180964649485e-02	0.00000000000000e+00	0.00000000000000e+00	0.00000000000000e+00	-1.40743350880822e+03	-5.42428498760379e-02	7.63432045287896e+01	0.00000000000000e+00	1
23	24	30	31	3.00182142961074e-02	0.00000000000000e+00	0.00000000000000e+00	0.00000000000000e+00	-1.40743350880822e+03	-5.60570237404337e-02	7.88965336163444e+01	0.00000000000000e+00	1
1	2	9	10	3.00289872781412e-02	0.00000000000000e+00	0.00000000000000e+00	0.00000000000000e+00	-2.11115026321234e+03	-3.55098625362070e-02	7.49666556399474e+01	0.00000000000000e+00	1
2	3	10	11	3.00285850519318e-02	0.00000000000000e+00	0.00000000000000e+00	0.00000000000000e+00	-2.11115026321235e+03	-3.43205155326670e-02	7.24557654003735e+01	0.00000000000000e+00	1
3	4	11	12	3.00280670974468e-02	0.00000000000000e+00	0.00000000000000e+00	0.00000000000000e+00	-2.11115026321234e+03	-3.47317132846183e-02	7.33238656426375e+01	0.00000000000000e+00	1
4	5	12	13	3.00282692402933e-02	0.00000000000000e+00	0.00000000000000e+00	0.00000000000000e+00	-2.11115026321234e+03	-3.49076050126213e-02	7.36951995105079e+01	0.00000000000000e+00	1
5	6	13	14	3.00317032915500e-02	0.00000000000000e+00	0.00000000000000e+00	0.00000000000000e+00	-2.11115026321234e+03	-3.02498854035238e-02	6.38620535317926e+01	0.00000000000000e+00	1
6	7	14	15	3.00370576901980e-02	0.00000000000000e+00	0.00000000000000e+00	0.00000000000000e+00	-2.11115026321234e+03	-2.59536336307110e-02	5.47920204707923e+01	0.00000000000000e+00	1
7	8	15	16	3.00409772043071e-02	0.00000000000000e+00	0.00000000000000e+00	0.00000000000000e+00	-2.11115026321235e+03	-2.50344305375371e-02	5.28514446186927e+01	0.00000000000000e+00	1
8	9	16	17	3.00432922770633e-02	0.00000000000000e+00	0.00000000000000e+00	0.00000000000000e+00	-2.11115026321234e+03	-2.37336885420654e-02	5.01053828125811e+01	0.00000000000000e+00	1
9	10	17	18	3.00441773548193e-02	0.00000000000000e+00	0.00000000000000e+00	0.00000000000000e+00	-2.11115026321234e+03	-2.21512290036863e-02	4.67645729416092e+01	0.00000000000000e+00	1
10	11	18	19	3.00426991120640e-02	0.00000000000000e+00	0.00000000000000e+00	0.00000000000000e+00	-2.11115026321235e+03	-2.35295055309616e-02	4.96743217949459e+01	0.00000000000000e+00	1
11	12	19	20	3.00385824938502e-02	0.00000000000000e+00	0.00000000000000e+00	0.00000000000000e+00	-2.11115026321234e+03	-2.68204898905814e-02	5.66220842919848e+01	0.00000000000000e+00	1
12	13	20	21	3.00383475076226e-02	0.00000000000000e+00	0.00000000000000e+00	0.00000000000000e+00	-2.11115026321234e+03	-2.56870564008496e-02	5.42292358818039e+01	0.00000000000000e+00	1
13	14	21	22	3.00425923050798e-02	0.00000000000000e+00	0.00000000000000e+00	0.00000000000000e+00	-2.11115026321235e+03	-2.46568456133436e-02	5.20543061065966e+01	0.00000000000000e+00	1
14	15	22	23	3.00441695376524e-02	0.00000000000000e+00	0.00000000000000e+00	0.00000000000000e+00	-2.11115026321235e+03	-2.29337249859638e-02	4.84165395405571e+01	0.00000000000000e+00	1
15	16	23	24	3.00431071510753e-02	0.00000000000000e+00	0.00000000000000e+00	0.00000000000000e+00	-2.11115026321235e+03	-2.34953999625767e-02	4.96023198152732e+01	0.00000000000000e+00	1
16	17	24	25	3.00408824611794e-02	0.00000000000000e+00	0.00000000000000e+00	0.00000000000000e+00	-2.11115026321235e+03	-2.51854387060478e-02	5.31702455533913e+01	0.00000000000000e+00	1
17	18	25	26	3.00369688775088e-02	0.00000000000000e+00	0.00000000000000e+00	0.00000000000000e+00	-2.11115026321236e+03	-2.78441389408055e-02	5.87831612538031e+01	0.00000000000000e+00	1
18	19	26	27	3.00316886793804e-02	0.00000000000000e+00	0.00000000000000e+00	0.00000000000000e+00	-2.11115026321235e+03	-3.05480138319881e-02	6.44914474420162e+01	0.00000000000000e+00	1
19	20	27	28	3.00283174169663e-02	0.00000000000000e+00	0.00000000000000e+00	0.00000000000000e+00	-2.11115026321235e+03	-3.58853598191061e-02	7.57593868275758e+01	0.00000000000000e+00	1
20	21	28	29	3.00280955155773e-02	0.00000000000000e+00	0.00000000000000e+00	0.00000000000000e+00	-2.11115026321236e+03	-3.64939437070326e-02	7.70441988627587e+01	0.00000000000000e+00	1
21	22	29	30	3.00286255905682e-02	0.00000000000000e+00	0.00000000000000e+00	0.00000000000000e+00	-2.11115026321235e+03	-3.58786474098211e-02	7.57452159229470e+01	0.00000000000000e+00	1
22	23	30	31	3.00290203806904e-02	0.00000000000000e+00	0.00000000000000e+00	0.00000000000000e+00	-2.11115026321235e+03	-3.36290011324469e-02	7.09958745923336e+01	0.00000000000000e+00	1
1	2	10	11	3.00429617798772e-02	0.00000000000000e+00	0.00000000000000e+00	0.00000000000000e+00	-3.01592894744617e+03	-2.36171512279123e-02	7.12276500444748e+01	0.00000000000000e+00	1
2	3	11	12	3.00421226738423e-02	0.00000000000000e+00	0.00000000000000e+00	0.00000000000000e+00	-3.01592894744617e+03	-2.34845707880338e-02	7.08277968579801e+01	0.00000000000000e+00	1
3	4	12	13	3.00426360314454e-02	0.00000000000000e+00	0.00000000000000e+00	0.00000000000000e+00	-3.01592894744619e+03	-2.43019942902362e-02	7.32930880605955e+01	0.00000000000000e+00	1
4	5	13	14	3.00483152270564e-02	0.00000000000000e+00	0.00000000000000e+00	0.00000000000000e+00	-3.01592894744617e+03	-2.09826839246349e-02	6.32822838434198e+01	0.00000000000000e+00	1
5	6	14	15	3.00565953460965e-02	0.00000000000000e+00	0.00000000000000e+00	0.00000000000000e+00	-3.01592894744619e+03	-1.70746850453446e-02	5.14960368967813e+01	0.00000000000000e+00	1
6	7	15	16	3.00620820077094e-02	0.00000000000000e+00	0.00000000000000e+00	0.00000000000000e+00	-3.01592894744617e+03	-1.62700072819514e-02	4.90691859367972e+01	0.00000000000000e+00	1
7	8	16	17	3.00649354610218e-02	0.00000000000000e+00	0.00000000000000e+00	0.00000000000000e+00	-3.01592894744617e+03	-1.50818731983017e-02	4.54858579604706e+01	0.00000000000000e+00	1
8	9	17	18	3.00657262674517e-02	0.00000000000000e+00	0.00000000000000e+00	0.00000000000000e+00	-3.01592894744619e+03	-1.57666617047193e-02	4.75511314398543e+01	0.00000000000000e+00	1
9	10	18	19	3.00618836041533e-02	0.00000000000000e+00	0.00000000000000e+00	0.00000000000000e+00	-3.01592894744617e+03	-1.70908645248809e-02	5.15448330574692e+01	0.00000000000000e+00	1
10	11	19	20	3.00534631960363e-02	0.00000000000000e+00	0.00000000000000e+00	0.00000000000000e+00	-3.01592894744617e+03	-1.90092443347473e-02	5.73305302582415e+01	0.00000000000000e+00	1
11	12	20	21	3.00497592270161e-02	0.00000000000000e+00	0.00000000000000e+00	0.00000000000000e+00	-3.01592894744619e+03	-2.05330068746600e-02	6.19260898113988e+01	0.00000000000000e+00	1
12	13	21	22	3.00532721400251e-02	0.00000000000000e+00	0.00000000000000e+00	0.00000000000000e+00	-3.01592894744617e+03	-1.86728793459361e-02	5.63160773515786e+01	0.00000000000000e+00	1
13	14	22	23	3.00617222927484e-02	0.00000000000000e+00	0.00000000000000e+00	0.00000000000000e+00	-3.01592894744617e+03	-1.61451056226233e-02	4.86924914068455e+01	0.00000000000000e+00	1
14	15	23	24	3.00656133017890e-02	0.00000000000000e+00	0.00000000000000e+00	0.00000000000000e+00	-3.01592894744617e+03	-1.43302621185940e-02	4.32190523479589e+01	0.00000000000000e+00	1
15	16	24	25	3.00648532448422e-02	0.00000000000000e+00	0.00000000000000e+00	0.00000000000000e+00	-3.01592894744616e+03	-1.54240568454823e-02	4.65178595273453e+01	0.00000000000000e+00	1
16	17	25	26	3.00619309359383e-02	0.00000000000000e+00	0.00000000000000e+00	0.00000000000000e+00	-3.01592894744621e+03	-1.61815874864121e-02	4.88025181159035e+01	0.00000000000000e+00	1
17	18	26	27	3.00564407473517e-02	0.00000000000000e+00	0.00000000000000e+00	0.00000000000000e+00	-3.01592894744616e+03	-1.67857449253341e-02	5.06246140247626e+01	0.00000000000000e+00	1
18	19	27	28	3.00482934114653e-02	0.00000000000000e+00	0.00000000000000e+00	0.00000000000000e+00	-3.01592894744616e+03	-2.10517314096910e-02	6.34905261523486e+01	0.00000000000000e+00	1
19	20	28	29	3.00427208210860e-02	0.00000000000000e+00	0.00000000000000e+00	0.00000000000000e+00	-3.01592894744621e+03	-2.36008596884433e-02	7.11785159189923e+01	0.00000000000000e+00	1
20	21	29	30	3.00421869476017e-02	0.00000000000000e+00	0.00000000000000e+00	0.00000000000000e+00	-3.01592894744616e+03	-2.49293633093848e-02	7.51851884461757e+01	0.00000000000000e+00	1
21	22	30	31	3.00430197599536e-02	0.00000000000000e+00	0.00000000000000e+00	0.00000000000000e+00	-3.01592894744616e+03	-2.15731240625602e-02	6.50630093471227e+01	0.00000000000000e+00	1
1	2	11	12	3.00599165042094e-02	0.00000000000000e+00	0.00000000000000e+00	0.00000000000000e+00	-4.14690230273854e+03	-1.64699805908912e-02	6.82994004384256e+01	0.00000000000000e+00	1
2	3	12	13	3.00609013708176e-02	0.00000000000000e+00	0.00000000000000e+00	0.00000000000000e+00	-4.14690230273854e+03	-1.70231612821856e-02	7.05933867209848e+01	0.00000000000000e+00	1
3	4	13	14	3.00696496596174e-02	0.00000000000000e+00	0.00000000000000e+00	0.00000000000000e+00	-4.14690230273860e+03	-1.45192006740795e-02	6.02097067092643e+01	0.00000000000000e+00	1
4	5	14	15	3.00816672573668e-02	0.00000000000000e+00	0.00000000000000e+00	0.00000000000000e+00	-4.14690230273860e+03	-1.17361243708546e-02	4.86685611787235e+01	0.00000000000000e+00	1
5	6	15	16	3.00890976271018e-02	0.00000000000000e+00	0.00000000000000e+00	0.00000000000000e+00	-4.14690230273854e+03	-1.09951201184502e-02	4.55956889380880e+01	0.00000000000000e+00	1
6	7	16	17	3.00924836500509e-02	0.00000000000000e+00	0.00000000000000e+00	0.00000000000000e+00	-4.14690230273854e+03	-1.09453449615070e-02	4.53892762251411e+01	0.00000000000000e+00	1
7	8	17	18	3.00927577929858e-02	0.00000000000000e+00	0.00000000000000e+00	0.00000000000000e+00	-4.14690230273860e+03	-1.09733492272852e-02	4.55054071793840e+01	0.00000000000000e+00	1
8	9	18	19	3.00864508648625e-02	0.00000000000000e+00	0.00000000000000e+00	0.00000000000000e+00	-4.14690230273854e+03	-1.18399775266364e-02	4.90992300695810e+01	0.00000000000000e+00	1
9	10	19	20	3.00731375358764e-02	0.00000000000000e+00	0.00000000000000e+00	0.00000000000000e+00	-4.14690230273854e+03	-1.39495988330926e-02	5.78476235232306e+01	0.00000000000000e+00	1
10	11	20	21	3.00659167702511e-02	0.00000000000000e+00	0.00000000000000e+00	0.00000000000000e+00	-4.14690230273860e+03	-1.53890276913839e-02	6.38167943703081e+01	0.00000000000000e+00	1
11	12	21	22	3.00660301038118e-02	0.00000000000000e+00	0.00000000000000e+00	0.00000000000000e+00	-4.14690230273854e+03	-1.55266544528924e-02	6.43875191045249e+01	0.00000000000000e+00	1
12	13	22	23	3.00728706741534e-02	0.00000000000000e+00	0.00000000000000e+00	0.00000000000000e+00	-4.14690230273854e+03	-1.40816186625157e-02	5.83950968578723e+01	0.00000000000000e+00	1
13	14	23	24	3.00861043533752e-02	0.00000000000000e+00	0.00000000000000e+00	0.00000000000000e+00	-4.14690230273860e+03	-1.20842409929042e-02	5.01121668003226e+01	0.00000000000000e+00	1
14	15	24	25	3.00929268831146e-02	0.00000000000000e+00	0.00000000000000e+00	0.00000000000000e+00	-4.14690230273857e+03	-1.12039429186613e-02	4.64616566891480e+01	0.00000000000000e+00	1
15	16	25	26	3.00923466957583e-02	0.00000000000000e+00	0.00000000000000e+00	0.00000000000000e+00	-4.14690230273854e+03	-1.09482931549326e-02	4.54015020952468e+01	0.00000000000000e+00	1
16	17	26	27	3.00888360169339e-02	0.00000000000000e+00	0.00000000000000e+00	0.00000000000000e+00	-4.14690230273854e+03	-1.13786419809513e-02	4.71861166328445e+01	0.00000000000000e+00	1
17	18	27	28	3.00814912019981e-02	0.00000000000000e+00	0.00000000000000e+00	0.00000000000000e+00	-4.14690230273857e+03	-1.25174580303661e-02	5.19086755305585e+01	0.00000000000000e+00	1
18	19	28	29	3.00696166275545e-02	0.00000000000000e+00	0.00000000000000e+00	0.00000000000000e+00	-4.14690230273854e+03	-1.38696652298567e-02	5.75161466799054e+01	0.00000000000000e+00	1
19	20	29	30	3.00610539715562e-02	0.00000000000000e+00	0.00000000000000e+00	0.00000000000000e+00	-4.14690230273854e+03	-1.65950471989323e-02	6.88180394433071e+01	0.00000000000000e+00	1
20	21	30	31	3.00600087272774e-02	0.00000000000000e+00	0.00000000000000e+00	0.00000000000000e+00	-4.14690230273857e+03	-1.64449144128401e-02	6.81954534469455e+01	0.00000000000000e+00	1
1	2	12	13	3.00830358977675e-02	0.00000000000000e+00	0.00000000000000e+00	0.00000000000000e+00	-5.52920307031808e+03	-1.18742696140550e-02	6.56552480078178e+01	0.00000000000000e+00	1
2	3	13	14	3.00956473373010e-02	0.00000000000000e+00	0.00000000000000e+00	0.00000000000000e+00	-5.52920307031797e+03	-1.04648922990695e-02	5.78625146305620e+01	0.00000000000000e+00	1
3	4	14	15	3.01121791019046e-02	0.00000000000000e+00	0.00000000000000e+00	0.00000000000000e+00	-5.52920307031803e+03	-8.69433237388090e-03	4.80727292560277e+01	0.00000000000000e+00	1
4	5	15	16	3.01218149091351e-02	0.00000000000000e+00	0.00000000000000e+00	0.00000000000000e+00	-5.52920307031797e+03	-8.39682156331899e-03	4.64277315688155e+01	0.00000000000000e+00	1
5	6	16	17	3.01259496818131e-02	0.00000000000000e+00	0.00000000000000e+00	0.00000000000000e+00	-5.52920307031808e+03	-8.06359278059567e-03	4.45852419602643e+01	0.00000000000000e+00	1
6	7	17	18	3.01255076252227e-02	0.00000000000000e+00	0.00000000000000e+00	0.00000000000000e+00	-5.52920307031803e+03	-8.07042319033641e-03	4.46230086827739e+01	0.00000000000000e+00	1
7	8	18	19	3.01157850829606e-02	0.00000000000000e+00	0.00000000000000e+00	0.00000000000000e+00	-5.52920307031797e+03	-8.69082720705838e-03	4.80533484768701e+01	0.00000000000000e+00	1
8	9	19	20	3.00974174661494e-02	0.00000000000000e+00	0.00000000000000e+00	0.00000000000000e+00	-5.52920307031808e+03	-1.06507548397450e-02	5.88901863611233e+01	0.00000000000000e+00	1
9	10	20	21	3.00870418444595e-02	0.00000000000000e+00	0.00000000000000e+00	0.00000000000000e+00	-5.52920307031803e+03	-1.18491091559506e-02	6.55161307256154e+01	0.00000000000000e+00	1
10	11	21	22	3.00847156012640e-02	0.00000000000000e+00	0.00000000000000e+00	0.00000000000000e+00	-5.52920307031797e+03	-1.20652105439820e-02	6.67109991838178e+01	0.00000000000000e+00	1
11	12	22	23	3.00871720664077e-02	0.00000000000000e+00	0.00000000000000e+00	0.00000000000000e+00	-5.52920307031808e+03	-1.12668101481256e-02	6.22964812637072e+01	0.00000000000000e+00	1
12	13	23	24	3.00969727225764e-02	0.00000000000000e+00	0.00000000000000e+00	0.00000000000000e+00	-5.52920307031803e+03	-1.07851949519964e-02	5.96335330425567e+01	0.00000000000000e+00	1
13	14	24	25	3.01156637876490e-02	0.00000000000000e+00	0.00000000000000e+00	0.00000000000000e+00	-5.52920307031797e+03	-8.96248110003254e-03	4.95553780159667e+01	0.00000000000000e+00	1
14	15	25	26	3.01257356617207e-02	0.00000000000000e+00	0.00000000000000e+00	0.00000000000000e+00	-5.52920307031808e+03	-8.20677392279458e-03	4.53769195713221e+01	0.00000000000000e+00	1
15	16	26	27	3.01256858869609e-02	0.00000000000000e+00	0.00000000000000e+00	0.00000000000000e+00	-5.52920307031803e+03	-7.83244906999381e-03	4.33072014459194e+01	0.00000000000000e+00	1
16	17	27	28	3.01215405081660e-02	0.00000000000000e+00	0.00000000000000e+00	0.00000000000000e+00	-5.52920307031797e+03	-8.49557896715141e-03	4.69737813093024e+01	0.00000000000000e+00	1
17	18	28	29	3.01119825109604e-02	0.00000000000000e+00	0.00000000000000e+00	0.00000000000000e+00	-5.52920307031808e+03	-8.55812150033752e-03	4.73195916758213e+01	0.00000000000000e+00	1
18	19	29	30	3.00956362337398e-02	0.00000000000000e+00	0.00000000000000e+00	0.00000000000000e+00	-5.52920307031803e+03	-1.04897885708352e-02	5.80001711728491e+01	0.00000000000000e+00	1
19	20	30	31	3.00832543067661e-02	0.00000000000000e+00	0.00000000000000e+00	0.00000000000000e+00	-5.52920307031797e+03	-1.21104914346624e-02	6.69613664235951e+01	0.00000000000000e+00	1
1	2	13	14	3.01260730629993e-02	0.00000000000000e+00	0.00000000000000e+00	0.00000000000000e+00	-7.18796399141354e+03	-7.54062010543926e-03	5.42017057908263e+01	0.00000000000000e+00	1
2	3	14	15	3.01477085245990e-02	0.00000000000000e+00	0.00000000000000e+00	0.00000000000000e+00	-7.18796399141345e+03	-6.97299273478154e-03	5.01216206899973e+01	0.00000000000000e+00	1
3	4	15	16	3.01597556649355e-02	0.00000000000000e+00	0.00000000000000e+00	0.00000000000000e+00	-7.18796399141345e+03	-6.00267545501675e-03	4.31470150228017e+01	0.00000000000000e+00	1
4	5	16	17	3.01647223569296e-02	0.00000000000000e+00	0.00000000000000e+00	0.00000000000000e+00	-7.18796399141354e+03	-6.00743667208342e-03	4.31812384796328e+01	0.00000000000000e+00	1
5	6	17	18	3.01636895365858e-02	0.00000000000000e+00	0.00000000000000e+00	0.00000000000000e+00	-7.18796399141345e+03	-6.39672102063877e-03	4.59794003594689e+01	0.00000000000000e+00	1
6	7	18	19	3.01498676198594e-02	0.00000000000000e+00	0.00000000000000e+00	0.00000000000000e+00	-7.18796399141354e+03	-6.80058595116729e-03	4.88823669375032e+01	0.00000000000000e+00	1
7	8	19	20	3.01255125646075e-02	0.00000000000000e+00	0.00000000000000e+00	0.00000000000000e+00	-7.18796399141354e+03	-7.91604822744850e-03	5.69002696131928e+01	0.00000000000000e+00	1
8	9	20	21	3.01124861660177e-02	0.00000000000000e+00	0.00000000000000e+00	0.00000000000000e+00	-7.18796399141345e+03	-8.74809367780231e-03	6.28809823495547e+01	0.00000000000000e+00	1
9	10	21	22	3.01088294608305e-02	0.00000000000000e+00	0.00000000000000e+00	0.00000000000000e+00	-7.18796399141354e+03	-8.87124916868968e-03	6.37662195833987e+01	0.00000000000000e+00	1
10	11	22	23	3.01088201671938e-02	0.00000000000000e+00	0.00000000000000e+00	0.00000000000000e+00	-7.18796399141354e+03	-8.82120081729896e-03	6.34064738357725e+01	0.00000000000000e+00	1
11	12	23	24	3.01125682859981e-02	0.00000000000000e+00	0.00000000000000e+00	0.00000000000000e+00	-7.18796399141345e+03	-9.11545368817511e-03	6.55215528759996e+01	0.00000000000000e+00	1
12	13	24	25	3.01251763255753e-02	0.00000000000000e+00	0.00000000000000e+00	0.00000000000000e+00	-7.18796399141354e+03	-8.01322496215816e-03	5.75987724830890e+01	0.00000000000000e+00	1
13	14	25	26	3.01496990816618e-02	0.00000000000000e+00	0.00000000000000e+00	0.00000000000000e+00	-7.18796399141354e+03	-6.56619060035024e-03	4.71975415960756e+01	0.00000000000000e+00	1
14	15	26	27	3.01639089108392e-02	0.00000000000000e+00	0.00000000000000e+00	0.00000000000000e+00	-7.18796399141345e+03	-6.20122054231422e-03	4.45741499609680e+01	0.00000000000000e+00	1
15	16	27	28	3.01644929854733e-02	0.00000000000000e+00	0.00000000000000e+00	0.00000000000000e+00	-7.18796399141345e+03	-5.97142022254461e-03	4.29223535372487e+01	0.00000000000000e+00	1
16	17	28	29	3.01594712796251e-02	0.00000000000000e+00	0.00000000000000e+00	0.00000000000000e+00	-7.18796399141354e+03	-5.98131069440753e-03	4.29934458928580e+01	0.00000000000000e+00	1
17	18	29	30	3.01475605787074e-02	0.00000000000000e+00	0.00000000000000e+00	0.00000000000000e+00	-7.18796399141345e+03	-6.56131395217160e-03	4.71624884245681e+01	0.00000000000000e+00	1
18	19	30	31	3.01260836584969e-02	0.00000000000000e+00	0.00000000000000e+00	0.00000000000000e+00	-7.18796399141345e+03	-8.22537989273540e-03	5.91237344846783e+01	0.00000000000000e+00	1
1	2	14	15	3.01878479296052e-02	0.00000000000000e+00	0.00000000000000e+00	0.00000000000000e+00	-9.14831780725342e+03	-5.56333478554274e-03	5.08951546862930e+01	0.00000000000000e+00	1
2	3	15	16	3.02022901919940e-02	0.00000000000000e+00	0.00000000000000e+00	0.00000000000000e+00	-9.14831780725342e+03	-5.10698740523862e-03	4.67203438207634e+01	0.00000000000000e+00	1
3	4	16	17	3.02081488059431e-02	0.00000000000000e+00	0.00000000000000e+00	0.00000000000000e+00	-9.14831780725342e+03	-4.68339960453050e-03	4.28452280006100e+01	0.00000000000000e+00	1
4	5	17	18	3.02064644741490e-02	0.00000000000000e+00	0.00000000000000e+00	0.00000000000000e+00	-9.14831780725342e+03	-5.05137426691318e-03	4.62115771571035e+01	0.00000000000000e+00	1
5	6	18	19	3.01882596610856e-02	0.00000000000000e+00	0.00000000000000e+00	0.00000000000000e+00	-9.14831780725327e+03	-5.22854704063131e-03	4.78324099978688e+01	0.00000000000000e+00	1
6	7	19	20	3.01572290451170e-02	0.00000000000000e+00	0.00000000000000e+00	0.00000000000000e+00	-9.14831780725327e+03	-6.23190973026620e-03	5.70114907585892e+01	0.00000000000000e+00	1
7	8	20	21	3.01413501400476e-02	0.00000000000000e+00	0.00000000000000e+00	0.00000000000000e+00	-9.14831780725342e+03	-7.51515528947065e-03	6.87510289589391e+01	0.00000000000000e+00	1
8	9	21	22	3.01372559481144e-02	0.00000000000000e+00	0.00000000000000e+00	0.00000000000000e+00	-9.14831780725327e+03	-7.43363559627264e-03	6.80052608980128e+01	0.00000000000000e+00	1
9	10	22	23	3.01364079269602e-02	0.00000000000000e+00	0.00000000000000e+00	0.00000000000000e+00	-9.14831780725327e+03	-7.37035881691824e-03	6.74263848106592e+01	0.00000000000000e+00	1
10	11	23	24	3.01371722983012e-02	0.00000000000000e+00	0.00000000000000e+00	0.00000000000000e+00	-9.14831780725342e+03	-7.55585358449074e-03	6.91233498959962e+01	0.00000000000000e+00	1
11	12	24	25	3.01416141933603e-02	0.00000000000000e+00	0.00000000000000e+00	0.00000000000000e+00	-9.14831780725327e+03	-7.49825299313184e-03	6.85964013803581e+01	0.00000000000000e+00	1
12	13	25	26	3.01567910280919e-02	0.00000000000000e+00	0.00000000000000e+00	0.00000000000000e+00	-9.14831780725342e+03	-6.60352462753441e-03	6.04111419407095e+01	0.00000000000000e+00	1
13	14	26	27	3.01879821686265e-02	0.00000000000000e+00	0.00000000000000e+00	0.00000000000000e+00	-9.14831780725342e+03	-5.27160359738956e-03	4.82263050627801e+01	0.00000000000000e+00	1
14	15	27	28	3.02068956508482e-02	0.00000000000000e+00	0.00000000000000e+00	0.00000000000000e+00	-9.14831780725342e+03	-5.05891230149518e-03	4.62805374931018e+01	0.00000000000000e+00	1
15	16	28	29	3.02079545480021e-02	0.00000000000000e+00	0.00000000000000e+00	0.00000000000000e+00	-9.14831780725342e+03	-4.88330455390653e-03	4.46740220087448e+01	0.00000000000000e+00	1
16	17	29	30	3.02021003014315e-02	0.00000000000000e+00	0.00000000000000e+00	0.00000000000000e+00	-9.14831780725342e+03	-4.87775534821614e-03	4.46232561115113e+01	0.00000000000000e+00	1
17	18	30	31	3.01877802905963e-02	0.00000000000000e+00	0.00000000000000e+00	0.00000000000000e+00	-9.14831780725342e+03	-5.27552095077067e-03	4.82621422564738e+01	0.00000000000000e+00	1
1	2	15	16	3.02490529222131e-02	0.00000000000000e+00	0.00000000000000e+00	0.00000000000000e+00	-1.14353972590669e+04	-3.96322222437345e-03	4.53210205616730e+01	0.00000000000000e+00	1
2	3	16	17	3.02555954449996e-02	0.00000000000000e+00	0.00000000000000e+00	0.00000000000000e+00	-1.14353972590669e+04	-3.74585384254658e-03	4.28353267639222e+01	0.00000000000000e+00	1
3	4	17	18	3.02531919511370e-02	0.00000000000000e+00	0.00000000000000e+00	0.00000000000000e+00	-1.14353972590669e+04	-3.85439029347087e-03	4.40764841973307e+01	0.00000000000000e+00	1
4	5	18	19	3.02301619819609e-02	0.00000000000000e+00	0.00000000000000e+00	0.00000000000000e+00	-1.14353972590669e+04	-4.22844314064570e-03	4.83539271006599e+01	0.00000000000000e+00	1
5	6	19	20	3.01921478204822e-02	0.00000000000000e+00	0.00000000000000e+00	0.00000000000000e+00	-1.14353972590671e+04	-5.53596997490905e-03	6.33060158773527e+01	0.00000000000000e+00	1
6	7	20	21	3.01733519960223e-02	0.00000000000000e+00	0.00000000000000e+00	0.00000000000000e+00	-1.14353972590671e+04	-5.95492036075054e-03	6.80968799712895e+01	0.00000000000000e+00	1
7	8	21	22	3.01689128908686e-02	0.00000000000000e+00	0.00000000000000e+00	0.00000000000000e+00	-1.14353972590669e+04	-6.17016243014628e-03	7.05582585416921e+01	0.00000000000000e+00	1
8	9	22	23	3.01683079385227e-02	0.00000000000000e+00	0.00000000000000e+00	0.00000000000000e+00	-1.14353972590671e+04	-6.04391138232091e-03	6.91145276554369e+01	0.00000000000000e+00	1
9	10	23	24	3.01682370734874e-02	0.00000000000000e+00	0.00000000000000e+00	0.00000000000000e+00	-1.14353972590671e+04	-5.99338322218800e-03	6.85367180715473e+01	0.00000000000000e+00	1
10	11	24	25	3.01689859754602e-02	0.00000000000000e+00	0.00000000000000e+00	0.00000000000000e+00	-1.14353972590669e+04	-5.88207829807739e-03	6.72639020474509e+01	0.00000000000000e+00	1
11	12	25	26	3.01736334365883e-02	0.00000000000000e+00	0.00000000000000e+00	0.00000000000000e+00	-1.14353972590669e+04	-5.69686982806662e-03	6.51459696171337e+01	0.00000000000000e+00	1
12	13	26	27	3.01915844482868e-02	0.00000000000000e+00	0.00000000000000e+00	0.00000000000000e+00	-1.14353972590669e+04	-5.23958262730840e-03	5.99167088149769e+01	0.00000000000000e+00	1
13	14	27	28	3.02299946329588e-02	0.00000000000000e+00	0.00000000000000e+00	0.00000000000000e+00	-1.14353972590669e+04	-4.12549080684776e-03	4.71766262649324e+01	0.00000000000000e+00	1
14	15	28	29	3.02538259938403e-02	0.00000000000000e+00	0.00000000000000e+00	0.00000000000000e+00	-1.14353972590669e+04	-4.09908308105554e-03	4.68746434297899e+01	0.00000000000000e+00	1
15	16	29	30	3.02555618425088e-02	0.00000000000000e+00	0.00000000000000e+00	0.00000000000000e+00	-1.14353972590669e+04	-3.78187138538880e-03	4.32472016746184e+01	0.00000000000000e+00	1
16	17	30	31	3.02490200487254e-02	0.00000000000000e+00	0.00000000000000e+00	0.00000000000000e+00	-1.14353972590669e+04	-3.94622868330789e-03	4.51266926687501e+01	0.00000000000000e+00	1
1	2	16	17	3.03068573427756e-02	0.00000000000000e+00	0.00000000000000e+00	0.00000000000000e+00	-1.40743350880824e+04	-3.34745085258319e-03	4.71131449901430e+01	0.00000000000000e+00	1
2	3	17	18	3.03033514557510e-02	0.00000000000000e+00	0.00000000000000e+00	0.00000000000000e+00	-1.40743350880824e+04	-3.16847070888063e-03	4.45941184735600e+01	0.00000000000000e+00	1
3	4	18	19	3.02751109378383e-02	0.00000000000000e+00	0.00000000000000e+00	0.00000000000000e+00	-1.40743350880824e+04	-3.42591552214113e-03	4.82174830420771e+01	0.00000000000000e+00	1
4	5	19	20	3.02296911112644e-02	0.00000000000000e+00	0.00000000000000e+00	0.00000000000000e+00	-1.40743350880824e+04	-4.11905329465648e-03	5.79729363146652e+01	0.00000000000000e+00	1
5	6	20	21	3.02081011989272e-02	0.00000000000000e+00	0.00000000000000e+00	0.00000000000000e+00	-1.40743350880821e+04	-4.76429520223155e-03	6.70542871347485e+01	0.00000000000000e+00	1
6	7	21	22	3.02034924788168e-02	0.00000000000000e+00	0.00000000000000e+00	0.00000000000000e+00	-1.40743350880821e+04	-4.84757937961800e-03	6.82264565548207e+01	0.00000000000000e+00	1
7	8	22	23	3.02032474740526e-02	0.00000000000000e+00	0.00000000000000e+00	0.00000000000000e+00	-1.40743350880824e+04	-5.09088976974112e-03	7.16508885158272e+01	0.00000000000000e+00	1
8	9	23	24	3.02035850949177e-02	0.00000000000000e+00	0.00000000000000e+00	0.00000000000000e+00	-1.40743350880821e+04	-4.76639841035661e-03	6.70838883906606e+01	0.00000000000000e+00	1
9	10	24	25	3.02033638686428e-02	0.00000000000000e+00	0.00000000000000e+00	0.00000000000000e+00	-1.40743350880821e+04	-4.70419058979997e-03	6.62083546790472e+01	0.00000000000000e+00	1
10	11	25	26	3.02035553905104e-02	0.00000000000000e+00	0.00000000000000e+00	0.00000000000000e+00	-1.40743350880824e+04	-4.80084457894409e-03	6.75686953098631e+01	0.00000000000000e+00	1
11	12	26	27	3.02084025398549e-02	0.00000000000000e+00	0.00000000000000e+00	0.00000000000000e+00	-1.40743350880824e+04	-4.99772384523370e-03	7.03396400755189e+01	0.00000000000000e+00	1
12	13	27	28	3.02291751073384e-02	0.00000000000000e+00	0.00000000000000e+00	0.00000000000000e+00	-1.40743350880821e+04	-4.36433455982523e-03	6.14251070314775e+01	0.00000000000000e+00	1
13	14	28	29	3.02750426003453e-02	0.00000000000000e+00	0.00000000000000e+00	0.00000000000000e+00	-1.40743350880824e+04	-3.57659147121862e-03	5.03381468391086e+01	0.00000000000000e+00	1
14	15	29	30	3.03043095969465e-02	0.00000000000000e+00	0.00000000000000e+00	0.00000000000000e+00	-1.40743350880824e+04	-3.33528866722465e-03	4.69419703180035e+01	0.00000000000000e+00	1
15	16	30	31	3.03070532023303e-02	0.00000000000000e+00	0.00000000000000e+00	0.00000000000000e+00	-1.40743350880821e+04	-3.17509016042066e-03	4.46872828526327e+01	0.00000000000000e+00	1
1	2	17	18	3.03569210793383e-02	0.00000000000000e+00	0.00000000000000e+00	0.00000000000000e+00	-1.70902640355283e+04	-2.82053897673492e-03	4.82037558348987e+01	0.00000000000000e+00	1
2	3	18	19	3.03227812108397e-02	0.00000000000000e+00	0.00000000000000e+00	0.00000000000000e+00	-1.70902640355281e+04	-3.04856822709268e-03	5.21008359313356e+01	0.00000000000000e+00	1
3	4	19	20	3.02695905134316e-02	0.00000000000000e+00	0.00000000000000e+00	0.00000000000000e+00	-1.70902640355283e+04	-3.66435372821057e-03	6.26247727346912e+01	0.00000000000000e+00	1
4	5	20	21	3.02451368776088e-02	0.00000000000000e+00	0.00000000000000e+00	0.00000000000000e+00	-1.70902640355283e+04	-4.02263657733398e-03	6.87479212256117e+01	0.00000000000000e+00	1
5	6	21	22	3.02406326952729e-02	0.00000000000000e+00	0.00000000000000e+00	0.00000000000000e+00	-1.70902640355283e+04	-3.91947051642442e-03	6.69847860051620e+01	0.00000000000000e+00	1
6	7	22	23	3.02409442943091e-02	0.00000000000000e+00	0.00000000000000e+00	0.00000000000000e+00	-1.70902640355281e+04	-4.21553870792235e-03	7.20446695703819e+01	0.00000000000000e+00	1
7	8	23	24	3.02417754177226e-02	0.00000000000000e+00	0.00000000000000e+00	0.00000000000000e+00	-1.70902640355283e+04	-3.91373159101697e-03	6.68867062546684e+01	0.00000000000000e+00	1
8	9	24	25	3.02419908072592e-02	0.00000000000000e+00	0.00000000000000e+00	0.00000000000000e+00	-1.70902640355283e+04	-4.09616426430264e-03	7.00045288098278e+01	0.00000000000000e+00	1
9	10	25	26	3.02410613761969e-02	0.00000000000000e+00	0.00000000000000e+00	0.00000000000000e+00	-1.70902640355288e+04	-4.19447383451063e-03	7.16846653219038e+01	0.00000000000000e+00	1
10	11	26	27	3.02406986038351e-02	0.00000000000000e+00	0.00000000000000e+00	0.00000000000000e+00	-1.70902640355286e+04	-4.27558394304429e-03	7.30708584926933e+01	0.00000000000000e+00	1
11	12	27	28	3.02456150990949e-02	0.00000000000000e+00	0.00000000000000e+00	0.00000000000000e+00	-1.70902640355283e+04	-4.01585446998309e-03	6.86320132202677e+01	0.00000000000000e+00	1
12	13	28	29	3.02691174851679e-02	0.00000000000000e+00	0.00000000000000e+00	0.00000000000000e+00	-1.70902640355288e+04	-3.69966502849399e-03	6.32282521799745e+01	0.00000000000000e+00	1
13	14	29	30	3.03229047242912e-02	0.00000000000000e+00	0.00000000000000e+00	0.00000000000000e+00	-1.70902640355286e+04	-3.03607473142054e-03	5.18873187915736e+01	0.00000000000000e+00	1
14	15	30	31	3.03582487769520e-02	0.00000000000000e+00	0.00000000000000e+00	0.00000000000000e+00	-1.70902640355283e+04	-2.85658101052861e-03	4.88197237088103e+01	0.00000000000000e+00	1
1	2	18	19	3.03732725692776e-02	0.00000000000000e+00	0.00000000000000e+00	0.00000000000000e+00	-2.05083168426343e+04	-2.57328279530091e-03	5.27736988917307e+01	0.00000000000000e+00	1
2	3	19	20	3.03116757856724e-02	0.00000000000000e+00	0.00000000000000e+00	0.00000000000000e+00	-2.05083168426343e+04	-3.28190911163686e-03	6.73064319101772e+01	0.00000000000000e+00	1
3	4	20	21	3.02842877186834e-02	0.00000000000000e+00	0.00000000000000e+00	0.00000000000000e+00	-2.05083168426339e+04	-3.53132197058691e-03	7.24214698461507e+01	0.00000000000000e+00	1
4	5	21	22	3.02799299188679e-02	0.00000000000000e+00	0.00000000000000e+00	0.00000000000000e+00	-2.05083168426343e+04	-3.69363793107605e-03	7.57502969924800e+01	0.00000000000000e+00	1
5	6	22	23	3.02810829880798e-02	0.00000000000000e+00	0.00000000000000e+00	0.00000000000000e+00	-2.05083168426347e+04	-3.51969355048627e-03	7.21829905223501e+01	0.00000000000000e+00	1
6	7	23	24	3.02825800249910e-02	0.00000000000000e+00	0.00000000000000e+00	0.00000000000000e+00	-2.05083168426347e+04	-3.41734664230784e-03	7.00840277015629e+01	0.00000000000000e+00	1
7	8	24	25	3.02832836718209e-02	0.00000000000000e+00	0.00000000000000e+00	0.00000000000000e+00	-2.05083168426343e+04	-3.66277023200634e-03	7.51172524397551e+01	0.00000000000000e+00	1
8	9	25	26	3.02828005249354e-02	0.00000000000000e+00	0.00000000000000e+00	0.00000000000000e+00	-2.05083168426339e+04	-3.64222957651482e-03	7.46959981687783e+01	0.00000000000000e+00	1
9	10	26	27	3.02812168732973e-02	0.00000000000000e+00	0.00000000000000e+00	0.00000000000000e+00	-2.05083168426336e+04	-3.44363093648723e-03	7.06230743345751e+01	0.00000000000000e+00	1
10	11	27	28	3.02801639826083e-02	0.00000000000000e+00	0.00000000000000e+00	0.00000000000000e+00	-2.05083168426343e+04	-3.61604602657387e-03	7.41590176305257e+01	0.00000000000000e+00	1
11	12	28	29	3.02849403695137e-02	0.00000000000000e+00	0.00000000000000e+00	0.00000000000000e+00	-2.05083168426339e+04	-3.51645527329986e-03	7.21165789077845e+01	0.00000000000000e+00	1
12	13	29	30	3.03112903054634e-02	0.00000000000000e+00	0.00000000000000e+00	0.00000000000000e+00	-2.05083168426336e+04	-3.14418002118279e-03	6.44818400846950e+01	0.00000000000000e+00	1
13	14	30	31	3.03735986360057e-02	0.00000000000000e+00	0.00000000000000e+00	0.00000000000000e+00	-2.05083168426343e+04	-2.61617624186692e-03	5.36533712843791e+01	0.00000000000000e+00	1
1	2	19	20	3.03560571559072e-02	0.00000000000000e+00	0.00000000000000e+00	0.00000000000000e+00	-2.43536262506271e+04	-2.89884316633819e-03	7.05973430321848e+01	0.00000000000000e+00	1
2	3	20	21	3.03254535393010e-02	0.00000000000000e+00	0.00000000000000e+00	0.00000000000000e+00	-2.43536262506276e+04	-3.19107929735842e-03	7.77143525439824e+01	0.00000000000000e+00	1
3	4	21	22	3.03212817285892e-02	0.00000000000000e+00	0.00000000000000e+00	0.00000000000000e+00	-2.43536262506276e+04	-3.13613845033983e-03	7.63763436897989e+01	0.00000000000000e+00	1
4	5	22	23	3.03233099883772e-02	0.00000000000000e+00	0.00000000000000e+00	0.00000000000000e+00	-2.43536262506271e+04	-2.93845974501740e-03	7.15621503826670e+01	0.00000000000000e+00	1
5	6	23	24	3.03257388151144e-02	0.00000000000000e+00	0.00000000000000e+00	0.00000000000000e+00	-2.43536262506266e+04	-2.99543347095529e-03	7.29496672102624e+01	0.00000000000000e+00	1
6	7	24	25	3.03270762610660e-02	0.00000000000000e+00	0.00000000000000e+00	0.00000000000000e+00	-2.43536262506271e+04	-3.03840946226189e-03	7.39962884402951e+01	0.00000000000000e+00	1
7	8	25	26	3.03270697369466e-02	0.00000000000000e+00	0.00000000000000e+00	0.00000000000000e+00	-2.43536262506282e+04	-3.01852324512396e-03	7.35119869405821e+01	0.00000000000000e+00	1
8	9	26	27	3.03259824575960e-02	0.00000000000000e+00	0.00000000000000e+00	0.00000000000000e+00	-2.43536262506276e+04	-3.04624607215878e-03	7.41871383087974e+01	0.00000000000000e+00	1
9	10	27	28	3.03236345179360e-02	0.00000000000000e+00	0.00000000000000e+00	0.00000000000000e+00	-2.43536262506271e+04	-3.24568490843158e-03	7.90441971872437e+01	0.00000000000000e+00	1
10	11	28	29	3.03216791098438e-02	0.00000000000000e+00	0.00000000000000e+00	0.00000000000000e+00	-2.43536262506282e+04	-3.19358959164617e-03	7.77754873128470e+01	0.00000000000000e+00	1
11	12	29	30	3.03263020782004e-02	0.00000000000000e+00	0.00000000000000e+00	0.00000000000000e+00	-2.43536262506276e+04	-3.07497683789620e-03	7.48868366394610e+01	0.00000000000000e+00	1
12	13	30	31	3.03557265844529e-02	0.00000000000000e+00	0.00000000000000e+00	0.00000000000000e+00	-2.43536262506271e+04	-2.77801561373511e-03	6.76547539753113e+01	0.00000000000000e+00	1
1	2	20	21	3.03687535775448e-02	0.00000000000000e+00	0.00000000000000e+00	0.00000000000000e+00	-2.86513250007400e+04	-2.71271434622259e-03	7.77228603677935e+01	0.00000000000000e+00	1
2	3	21	22	3.03646361049088e-02	0.00000000000000e+00	0.00000000000000e+00	0.00000000000000e+00	-2.86513250007400e+04	-2.83152900812169e-03	8.11270578607176e+01	0.00000000000000e+00	1
3	4	22	23	3.03675868041957e-02	0.00000000000000e+00	0.00000000000000e+00	0.00000000000000e+00	-2.86513250007400e+04	-2.58813972029810e-03	7.41536322735853e+01	0.00000000000000e+00	1
4	5	23	24	3.03709458020513e-02	0.00000000000000e+00	0.00000000000000e+00	0.00000000000000e+00	-2.86513250007400e+04	-2.74928027052421e-03	7.87705225489116e+01	0.00000000000000e+00	1
5	6	24	25	3.03731623119416e-02	0.00000000000000e+00	0.00000000000000e+00	0.00000000000000e+00	-2.86513250007408e+04	-2.70340022569105e-03	7.74559984733502e+01	0.00000000000000e+00	1
6	7	25	26	3.03737581101758e-02	0.00000000000000e+00	0.00000000000000e+00	0.00000000000000e+00	-2.86513250007393e+04	-2.65070678211513e-03	7.59462614960446e+01	0.00000000000000e+00	1
7	8	26	27	3.03731792841386e-02	0.00000000000000e+00	0.00000000000000e+00	0.00000000000000e+00	-2.86513250007386e+04	-2.52154289492483e-03	7.22455449857945e+01	0.00000000000000e+00	1
8	9	27	28	3.03713948058722e-02	0.00000000000000e+00	0.00000000000000e+00	0.00000000000000e+00	-2.86513250007408e+04	-2.67875407712508e-03	7.67498536607701e+01	0.00000000000000e+00	1
9	10	28	29	3.03680865238875e-02	0.00000000000000e+00	0.00000000000000e+00	0.00000000000000e+00	-2.86513250007393e+04	-2.78249308745815e-03	7.97221137610742e+01	0.00000000000000e+00	1
10	11	29	30	3.03652084764170e-02	0.00000000000000e+00	0.00000000000000e+00	0.00000000000000e+00	-2.86513250007386e+04	-2.67934556429898e-03	7.67668005520176e+01	0.00000000000000e+00	1
11	12	30	31	3.03697438450398e-02	0.00000000000000e+00	0.00000000000000e+00	0.00000000000000e+00	-2.86513250007408e+04	-2.68837738554726e-03	7.70255741979563e+01	0.00000000000000e+00	1
1	2	21	22	3.04101468577599e-02	0.00000000000000e+00	0.00000000000000e+00	0.00000000000000e+00	-3.34265458341953e+04	-2.35410453038762e-03	7.86895829834887e+01	0.00000000000000e+00	1
2	3	22	23	3.04139056347359e-02	0.00000000000000e+00	0.00000000000000e+00	0.00000000000000e+00	-3.34265458341953e+04	-2.47255112980810e-03	8.26488436679218e+01	0.00000000000000e+00	1
3	4	23	24	3.04182225530892e-02	0.00000000000000e+00	0.00000000000000e+00	0.00000000000000e+00	-3.34265458341963e+04	-2.32899494144572e-03	7.78502561578467e+01	0.00000000000000e+00	1
4	5	24	25	3.04212825121327e-02	0.00000000000000e+00	0.00000000000000e+00	0.00000000000000e+00	-3.34265458341953e+04	-2.39781146401034e-03	8.01505548035006e+01	0.00000000000000e+00	1
5	6	25	26	3.04227093894667e-02	0.00000000000000e+00	0.00000000000000e+00	0.00000000000000e+00	-3.34265458341953e+04	-2.38512809502467e-03	7.97265935887691e+01	0.00000000000000e+00	1
6	7	26	27	3.04227391591356e-02	0.00000000000000e+00	0.00000000000000e+00	0.00000000000000e+00	-3.34265458341973e+04	-2.29266478955080e-03	7.66358646703699e+01	0.00000000000000e+00	1
7	8	27	28	3.04215203833296e-02	0.00000000000000e+00	0.00000000000000e+00	0.00000000000000e+00	-3.34265458341953e+04	-2.42371141490459e-03	8.10163006991707e+01	0.00000000000000e+00	1
8	9	28	29	3.04188508512252e-02	0.00000000000000e+00	0.00000000000000e+00	0.00000000000000e+00	-3.34265458341953e+04	-2.39580512109500e-03	8.00834896900820e+01	0.00000000000000e+00	1
9	10	29	30	3.04145792474118e-02	0.00000000000000e+00	0.00000000000000e+00	0.00000000000000e+00	-3.34265458341973e+04	-2.35258757676843e-03	7.86388764638131e+01	0.00000000000000e+00	1
10	11	30	31	3.04108260770139e-02	0.00000000000000e+00	0.00000000000000e+00	0.00000000000000e+00	-3.34265458341953e+04	-2.28040804287575e-03	7.62261639658538e+01	0.00000000000000e+00	1
1	2	22	23	3.04624443812550e-02	0.00000000000000e+00	0.00000000000000e+00	0.00000000000000e+00	-3.87044214922249e+04	-2.24339831932382e-03	8.68294341260579e+01	0.00000000000000e+00	1
2	3	23	24	3.04675852153154e-02	0.00000000000000e+00	0.00000000000000e+00	0.00000000000000e+00	-3.87044214922236e+04	-2.05749387728807e-03	7.96341102442267e+01	0.00000000000000e+00	1
3	4	24	25	3.04714964883672e-02	0.00000000000000e+00	0.00000000000000e+00	0.00000000000000e+00	-3.87044214922236e+04	-2.13199722117632e-03	8.25177190686577e+01	0.00000000000000e+00	1
4	5	25	26	3.04736921752791e-02	0.00000000000000e+00	0.00000000000000e+00	0.00000000000000e+00	-3.87044214922262e+04	-2.14614845190173e-03	8.30654342672931e+01	0.00000000000000e+00	1
5	6	26	27	3.04745341574788e-02	0.00000000000000e+00	0.00000000000000e+00	0.00000000000000e+00	-3.87044214922236e+04	-2.05408872162908e-03	7.95023156643547e+01	0.00000000000000e+00	1
6	7	27	28	3.04739552922701e-02	0.00000000000000e+00	0.00000000000000e+00	0.00000000000000e+00	-3.87044214922249e+04	-2.14111769954200e-03	8.28707219075363e+01	0.00000000000000e+00	1
7	8	28	29	3.04719270543368e-02	0.00000000000000e+00	0.00000000000000e+00	0.00000000000000e+00	-3.87044214922262e+04	-2.08076293432938e-03	8.05347256356858e+01	0.00000000000000e+00	1
8	9	29	30	3.04683791711108e-02	0.00000000000000e+00	0.00000000000000e+00	0.00000000000000e+00	-3.87044214922236e+04	-2.16087290618483e-03	8.36353357521036e+01	0.00000000000000e+00	1
9	10	30	31	3.04632062632885e-02	0.00000000000000e+00	0.00000000000000e+00	0.00000000000000e+00	-3.87044214922249e+04	-2.14605251952204e-03	8.30617212600323e+01	0.00000000000000e+00	1
1	2	23	24	3.05192552046924e-02	0.00000000000000e+00	0.00000000000000e+00	0.00000000000000e+00	-4.45100847160644e+04	-1.78407746082231e-03	7.94094389212220e+01	0.00000000000000e+00	1
2	3	24	25	3.05238630127202e-02	0.00000000000000e+00	0.00000000000000e+00	0.00000000000000e+00	-4.45100847160627e+04	-1.87172283082989e-03	8.33105417652272e+01	0.00000000000000e+00	1
3	4	25	26	3.05268213294944e-02	0.00000000000000e+00	0.00000000000000e+00	0.00000000000000e+00	-4.45100847160627e+04	-1.89886402730264e-03	8.45185987195246e+01	0.00000000000000e+00	1
4	5	26	27	3.05283832853072e-02	0.00000000000000e+00	0.00000000000000e+00	0.00000000000000e+00	-4.45100847160627e+04	-1.83813199285744e-03	8.18154107213898e+01	0.00000000000000e+00	1
5	6	27	28	3.05286195683404e-02	0.00000000000000e+00	0.00000000000000e+00	0.00000000000000e+00	-4.45100847160610e+04	-1.90681968537574e-03	8.48727057343270e+01	0.00000000000000e+00	1
6	7	28	29	3.05272821284060e-02	0.00000000000000e+00	0.00000000000000e+00	0.00000000000000e+00	-4.45100847160610e+04	-1.86276287294373e-03	8.29117332806586e+01	0.00000000000000e+00	1
7	8	29	30	3.05244666415917e-02	0.00000000000000e+00	0.00000000000000e+00	0.00000000000000e+00	-4.45100847160627e+04	-1.90128749981938e-03	8.46264676865518e+01	0.00000000000000e+00	1
8	9	30	31	3.05201127874587e-02	0.00000000000000e+00	0.00000000000000e+00	0.00000000000000e+00	-4.45100847160610e+04	-1.85662751679875e-03	8.26386480588825e+01	0.00000000000000e+00	1
1	2	24	25	3.05786042775054e-02	0.00000000000000e+00	0.00000000000000e+00	0.00000000000000e+00	-5.08686682469235e+04	-1.75977945640035e-03	8.95176373553809e+01	0.00000000000000e+00	1
2	3	25	26	3.05821558020637e-02	0.00000000000000e+00	0.00000000000000e+00	0.00000000000000e+00	-5.08686682469235e+04	-1.63415438276812e-03	8.31272571612874e+01	0.00000000000000e+00	1
3	4	26	27	3.05844141969594e-02	0.00000000000000e+00	0.00000000000000e+00	0.00000000000000e+00	-5.08686682469235e+04	-1.71253918989251e-03	8.71145879104970e+01	0.00000000000000e+00	1
4	5	27	28	3.05853446308917e-02	0.00000000000000e+00	0.00000000000000e+00	0.00000000000000e+00	-5.08686682469235e+04	-1.70218088060904e-03	8.65876745119575e+01	0.00000000000000e+00	1
5	6	28	29	3.05848435147796e-02	0.00000000000000e+00	0.00000000000000e+00	0.00000000000000e+00	-5.08686682469257e+04	-1.55193249212746e-03	7.89447390836562e+01	0.00000000000000e+00	1
6	7	29	30	3.05827829204028e-02	0.00000000000000e+00	0.00000000000000e+00	0.00000000000000e+00	-5.08686682469235e+04	-1.81658595197810e-03	9.24073081331958e+01	0.00000000000000e+00	1
7	8	30	31	3.05792683933614e-02	0.00000000000000e+00	0.00000000000000e+00	0.00000000000000e+00	-5.08686682469235e+04	-1.77441954833346e-03	9.02623593350304e+01	0.00000000000000e+00	1
1	2	25	26	3.06399366073920e-02	0.00000000000000e+00	0.00000000000000e+00	0.00000000000000e+00	-5.78053048260513e+04	-1.55176057294981e-03	8.96999929364117e+01	0.00000000000000e+00	1
2	3	26	27	3.06427072865952e-02	0.00000000000000e+00	0.00000000000000e+00	0.00000000000000e+00	-5.78053048260513e+04	-1.58306388049315e-03	9.15094901710179e+01	0.00000000000000e+00	1
3	4	27	28	3.06442918408473e-02	0.00000000000000e+00	0.00000000000000e+00	0.00000000000000e+00	-5.78053048260513e+04	-1.50779112977419e-03	8.71583258706134e+01	0.00000000000000e+00	1
4	5	28	29	3.06444797478021e-02	0.00000000000000e+00	0.00000000000000e+00	0.00000000000000e+00	-5.78053048260513e+04	-1.58630653094142e-03	9.16969325686246e+01	0.00000000000000e+00	1
5	6	29	30	3.06432852699765e-02	0.00000000000000e+00	0.00000000000000e+00	0.00000000000000e+00	-5.78053048260513e+04	-1.59565898695586e-03	9.22375541394116e+01	0.00000000000000e+00	1
6	7	30	31	3.06406021077427e-02	0.00000000000000e+00	0.00000000000000e+00	0.00000000000000e+00	-5.78053048260542e+04	-1.63599428585367e-03	9.45691483874541e+01	0.00000000000000e+00	1
1	2	26	27	3.07035082861005e-02	0.00000000000000e+00	0.00000000000000e+00	0.00000000000000e+00	-6.53451271946741e+04	-1.45795120147122e-03	9.52700067037648e+01	0.00000000000000e+00	1
2	3	27	28	3.07055510729640e-02	0.00000000000000e+00	0.00000000000000e+00	0.00000000000000e+00	-6.53451271946778e+04	-1.40643216341156e-03	9.19034886088139e+01	0.00000000000000e+00	1
3	4	28	29	3.07063731339722e-02	0.00000000000000e+00	0.00000000000000e+00	0.00000000000000e+00	-6.53451271946741e+04	-1.40887882644039e-03	9.20633661156301e+01	0.00000000000000e+00	1
4	5	29	30	3.07058706124987e-02	0.00000000000000e+00	0.00000000000000e+00	0.00000000000000e+00	-6.53451271946741e+04	-1.42000348192237e-03	9.27903081430976e+01	0.00000000000000e+00	1
5	6	30	31	3.07040905860418e-02	0.00000000000000e+00	0.00000000000000e+00	0.00000000000000e+00	-6.53451271946741e+04	-1.45852142519994e-03	9.53072680458474e+01	0.00000000000000e+00	1
1	2	27	28	3.07693707336800e-02	0.00000000000000e+00	0.00000000000000e+00	0.00000000000000e+00	-7.35132680939932e+04	-1.32455763552598e-03	9.73725605663668e+01	0.00000000000000e+00	1
2	3	28	29	3.07706227400932e-02	0.00000000000000e+00	0.00000000000000e+00	0.00000000000000e+00	-7.35132680939979e+04	-1.27900998627735e-03	9.40242040161073e+01	0.00000000000000e+00	1
3	4	29	30	3.07707415630622e-02	0.00000000000000e+00	0.00000000000000e+00	0.00000000000000e+00	-7.35132680940026e+04	-1.27481000944250e-03	9.37154499930643e+01	0.00000000000000e+00	1
4	5	30	31	3.07696622545739e-02	0.00000000000000e+00	0.00000000000000e+00	0.00000000000000e+00	-7.35132680939932e+04	-1.32667633907831e-03	9.75283133886213e+01	0.00000000000000e+00	1
1	2	28	29	3.08374774933896e-02	0.00000000000000e+00	0.00000000000000e+00	0.00000000000000e+00	-8.23348602652768e+04	-1.18024523724478e-03	9.71753266873074e+01	0.00000000000000e+00	1
2	3	29	30	3.08380064470947e-02	0.00000000000000e+00	0.00000000000000e+00	0.00000000000000e+00	-8.23348602652651e+04	-1.22290590793636e-03	1.00687787047507e+02	0.00000000000000e+00	1
3	4	30	31	3.08375400328524e-02	0.00000000000000e+00	0.00000000000000e+00	0.00000000000000e+00	-8.23348602652709e+04	-1.14346794282024e-03	9.41472732899216e+01	0.00000000000000e+00	1
1	2	29	30	3.09079135675249e-02	0.00000000000000e+00	0.00000000000000e+00	0.00000000000000e+00	-9.18350364497422e+04	-1.04349124673506e-03	9.58290566789008e+01	0.00000000000000e+00	1
2	3	30	31	3.09078422040049e-02	0.00000000000000e+00	0.00000000000000e+00	0.00000000000000e+00	-9.18350364497568e+04	-1.04640126467750e-03	9.60962982827302e+01	0.00000000000000e+00	1
1	2	30	31	3.09808160917572e-02	0.00000000000000e+00	0.00000000000000e+00	0.00000000000000e+00	-1.02038929388591e+05	-1.02077317741329e-03	1.04158602171842e+02	0.00000000000000e+00	1
0
