31
# x y z
-20	0	0
-18.666666666667	0	0
-17.333333333333	0	0
-16	0	0
-14.666666666667	0	0
-13.333333333333	0	0
-12	0	0
-10.666666666667	0	0
-9.3333333333333	0	0
-8	0	0
-6.6666666666667	0	0
-5.3333333333333	0	0
-4	0	0
-2.6666666666667	0	0
-1.3333333333333	0	0
0	0	0
1.3333333333333	0	0
2.6666666666667	0	0
4	0	0
5.3333333333333	0	0
6.6666666666667	0	0
8	0	0
9.3333333333333	0	0
10.666666666667	0	0
12	0	0
13.333333333333	0	0
14.666666666667	0	0
16	0	0
17.333333333333	0	0
18.666666666667	0	0
20	0	0
406
# a b m n err i ip iperr k r rhoa u valid 
1	2	3	4	5.00002526020745e-02	0.00000000000000e+00	0.00000000000000e+00	0.00000000000000e+00	-2.51327412287184e+01	-4.01885006168105e+00	1.01004718637249e+02	0.00000000000000e+00	1
2	3	4	5	5.00002528041533e-02	0.00000000000000e+00	0.00000000000000e+00	0.00000000000000e+00	-2.51327412287183e+01	-3.96928867214449e+00	9.97591050590904e+01	0.00000000000000e+00	1
3	4	5	6	5.00002525502604e-02	0.00000000000000e+00	0.00000000000000e+00	0.00000000000000e+00	-2.51327412287183e+01	-3.68838381725122e+00	9.26991960311672e+01	0.00000000000000e+00	1
4	5	6	7	5.00002523221486e-02	0.00000000000000e+00	0.00000000000000e+00	0.00000000000000e+00	-2.51327412287184e+01	-3.61929519735535e+00	9.09628096254753e+01	0.00000000000000e+00	1
5	6	7	8	5.00002523975384e-02	0.00000000000000e+00	0.00000000000000e+00	0.00000000000000e+00	-2.51327412287184e+01	-4.14433409994422e+00	1.04158476499252e+02	0.00000000000000e+00	1
6	7	8	9	5.00002526518031e-02	0.00000000000000e+00	0.00000000000000e+00	0.00000000000000e+00	-2.51327412287183e+01	-3.82477203213834e+00	9.61270057425719e+01	0.00000000000000e+00	1
7	8	9	10	5.00002527317612e-02	0.00000000000000e+00	0.00000000000000e+00	0.00000000000000e+00	-2.51327412287184e+01	-4.01835215569980e+00	1.00992204895066e+02	0.00000000000000e+00	1
8	9	10	11	5.00002524845755e-02	0.00000000000000e+00	0.00000000000000e+00	0.00000000000000e+00	-2.51327412287184e+01	-4.28935451056923e+00	1.07803236952372e+02	0.00000000000000e+00	1
9	10	11	12	5.00002521793824e-02	0.00000000000000e+00	0.00000000000000e+00	0.00000000000000e+00	-2.51327412287183e+01	-3.88811934955153e+00	9.77190974786511e+01	0.00000000000000e+00	1
10	11	12	13	5.00002519197313e-02	0.00000000000000e+00	0.00000000000000e+00	0.00000000000000e+00	-2.51327412287184e+01	-4.01848345949193e+00	1.00995504919296e+02	0.00000000000000e+00	1
11	12	13	14	5.00002514239001e-02	0.00000000000000e+00	0.00000000000000e+00	0.00000000000000e+00	-2.51327412287184e+01	-4.22849129433528e+00	1.06273577488417e+02	0.00000000000000e+00	1
12	13	14	15	5.00002513459092e-02	0.00000000000000e+00	0.00000000000000e+00	0.00000000000000e+00	-2.51327412287183e+01	-3.96437077269956e+00	9.96355047649521e+01	0.00000000000000e+00	1
13	14	15	16	5.00002512324222e-02	0.00000000000000e+00	0.00000000000000e+00	0.00000000000000e+00	-2.51327412287183e+01	-4.02369628658177e+00	1.01126517553614e+02	0.00000000000000e+00	1
14	15	16	17	5.00002510371717e-02	0.00000000000000e+00	0.00000000000000e+00	0.00000000000000e+00	-2.51327412287184e+01	-3.77658895302711e+00	9.49160328836672e+01	0.00000000000000e+00	1
15	16	17	18	5.00002508995998e-02	0.00000000000000e+00	0.00000000000000e+00	0.00000000000000e+00	-2.51327412287183e+01	-3.87061141005829e+00	9.72790749659195e+01	0.00000000000000e+00	1
16	17	18	19	5.00002507453595e-02	0.00000000000000e+00	0.00000000000000e+00	0.00000000000000e+00	-2.51327412287183e+01	-4.03300715812877e+00	1.01360525278819e+02	0.00000000000000e+00	1
17	18	19	20	5.00002505246498e-02	0.00000000000000e+00	0.00000000000000e+00	0.00000000000000e+00	-2.51327412287184e+01	-3.76925851912360e+00	9.47317989852758e+01	0.00000000000000e+00	1
18	19	20	21	5.00002504346743e-02	0.00000000000000e+00	0.00000000000000e+00	0.00000000000000e+00	-2.51327412287183e+01	-3.95070716848650e+00	9.92921009360135e+01	0.00000000000000e+00	1
19	20	21	22	5.00002505867380e-02	0.00000000000000e+00	0.00000000000000e+00	0.00000000000000e+00	-2.51327412287183e+01	-3.96732482509842e+00	9.97097481994685e+01	0.00000000000000e+00	1
20	21	22	23	5.00002507206387e-02	0.00000000000000e+00	0.00000000000000e+00	0.00000000000000e+00	-2.51327412287184e+01	-3.94214973656234e+00	9.90770292138819e+01	0.00000000000000e+00	1
21	22	23	24	5.00002506134227e-02	0.00000000000000e+00	0.00000000000000e+00	0.00000000000000e+00	-2.51327412287183e+01	-4.19175016236148e+00	1.05350172126069e+02	0.00000000000000e+00	1
22	23	24	25	5.00002506455591e-02	0.00000000000000e+00	0.00000000000000e+00	0.00000000000000e+00	-2.51327412287183e+01	-3.68596022563457e+00	9.26382845302217e+01	0.00000000000000e+00	1
23	24	25	26	5.00002507199127e-02	0.00000000000000e+00	0.00000000000000e+00	0.00000000000000e+00	-2.51327412287185e+01	-3.98073844776648e+00	1.00046869306925e+02	0.00000000000000e+00	1
24	25	26	27	5.00002509099067e-02	0.00000000000000e+00	0.00000000000000e+00	0.00000000000000e+00	-2.51327412287181e+01	-3.88679290782773e+00	9.76857603620513e+01	0.00000000000000e+00	1
25	26	27	28	5.00002510324452e-02	0.00000000000000e+00	0.00000000000000e+00	0.00000000000000e+00	-2.51327412287184e+01	-3.73156483467818e+00	9.37844533681522e+01	0.00000000000000e+00	1
26	27	28	29	5.00002511262929e-02	0.00000000000000e+00	0.00000000000000e+00	0.00000000000000e+00	-2.51327412287184e+01	-4.24278205217065e+00	1.06632743407056e+02	0.00000000000000e+00	1
27	28	29	30	5.00002511461278e-02	0.00000000000000e+00	0.00000000000000e+00	0.00000000000000e+00	-2.51327412287181e+01	-3.97217447680705e+00	9.98316332409105e+01	0.00000000000000e+00	1
28	29	30	31	5.00002511852237e-02	0.00000000000000e+00	0.00000000000000e+00	0.00000000000000e+00	-2.51327412287184e+01	-4.11219407367737e+00	1.03350709536003e+02	0.00000000000000e+00	1
1	2	4	5	5.00010371461549e-02	0.00000000000000e+00	0.00000000000000e+00	0.00000000000000e+00	-1.00530964914874e+02	-1.02098471161896e+00	1.02640578222389e+02	0.00000000000000e+00	1
2	3	5	6	5.00010281699525e-02	0.00000000000000e+00	0.00000000000000e+00	0.00000000000000e+00	-1.00530964914873e+02	-1.01757553307033e+00	1.02297850213327e+02	0.00000000000000e+00	1
3	4	6	7	5.00010160284490e-02	0.00000000000000e+00	0.00000000000000e+00	0.00000000000000e+00	-1.00530964914873e+02	-9.77523511132505e-01	9.82713818011256e+01	0.00000000000000e+00	1
4	5	7	8	5.00010107472323e-02	0.00000000000000e+00	0.00000000000000e+00	0.00000000000000e+00	-1.00530964914874e+02	-9.67960967082093e-01	9.73100500206971e+01	0.00000000000000e+00	1
5	6	8	9	5.00010160167823e-02	0.00000000000000e+00	0.00000000000000e+00	0.00000000000000e+00	-1.00530964914873e+02	-9.14738280607528e-01	9.19595219940469e+01	0.00000000000000e+00	1
6	7	9	10	5.00010257156587e-02	0.00000000000000e+00	0.00000000000000e+00	0.00000000000000e+00	-1.00530964914873e+02	-8.90790114741375e-01	8.95519897715811e+01	0.00000000000000e+00	1
7	8	10	11	5.00010334941808e-02	0.00000000000000e+00	0.00000000000000e+00	0.00000000000000e+00	-1.00530964914874e+02	-9.61425335145606e-01	9.66530166357935e+01	0.00000000000000e+00	1
8	9	11	12	5.00010361055300e-02	0.00000000000000e+00	0.00000000000000e+00	0.00000000000000e+00	-1.00530964914873e+02	-1.03081860617292e+00	1.03629189130768e+02	0.00000000000000e+00	1
9	10	12	13	5.00010350121742e-02	0.00000000000000e+00	0.00000000000000e+00	0.00000000000000e+00	-1.00530964914873e+02	-1.05336691184908e+00	1.05895992057588e+02	0.00000000000000e+00	1
10	11	13	14	5.00010309069595e-02	0.00000000000000e+00	0.00000000000000e+00	0.00000000000000e+00	-1.00530964914874e+02	-9.29708718599648e-01	9.34645145705933e+01	0.00000000000000e+00	1
11	12	14	15	5.00010269303718e-02	0.00000000000000e+00	0.00000000000000e+00	0.00000000000000e+00	-1.00530964914873e+02	-9.37138097328369e-01	9.42113971829093e+01	0.00000000000000e+00	1
12	13	15	16	5.00010258881117e-02	0.00000000000000e+00	0.00000000000000e+00	0.00000000000000e+00	-1.00530964914873e+02	-9.32485105161703e-01	9.37436273906529e+01	0.00000000000000e+00	1
13	14	16	17	5.00010241660272e-02	0.00000000000000e+00	0.00000000000000e+00	0.00000000000000e+00	-1.00530964914874e+02	-9.22760716407303e-01	9.27660252059662e+01	0.00000000000000e+00	1
14	15	17	18	5.00010226383909e-02	0.00000000000000e+00	0.00000000000000e+00	0.00000000000000e+00	-1.00530964914874e+02	-9.77087319457964e-01	9.82275310311965e+01	0.00000000000000e+00	1
15	16	18	19	5.00010219001697e-02	0.00000000000000e+00	0.00000000000000e+00	0.00000000000000e+00	-1.00530964914873e+02	-1.06485164856276e+00	1.07050563721208e+02	0.00000000000000e+00	1
16	17	19	20	5.00010215283903e-02	0.00000000000000e+00	0.00000000000000e+00	0.00000000000000e+00	-1.00530964914874e+02	-9.25320642235250e-01	9.30233770195603e+01	0.00000000000000e+00	1
17	18	20	21	5.00010219337268e-02	0.00000000000000e+00	0.00000000000000e+00	0.00000000000000e+00	-1.00530964914874e+02	-1.01071206824494e+00	1.01607859471772e+02	0.00000000000000e+00	1
18	19	21	22	5.00010245019309e-02	0.00000000000000e+00	0.00000000000000e+00	0.00000000000000e+00	-1.00530964914873e+02	-1.01773781107746e+00	1.02314164177968e+02	0.00000000000000e+00	1
19	20	22	23	5.00010270429810e-02	0.00000000000000e+00	0.00000000000000e+00	0.00000000000000e+00	-1.00530964914874e+02	-9.08394115300230e-01	9.13217369341251e+01	0.00000000000000e+00	1
20	21	23	24	5.00010247056681e-02	0.00000000000000e+00	0.00000000000000e+00	0.00000000000000e+00	-1.00530964914874e+02	-1.03727108319361e+00	1.04277862871750e+02	0.00000000000000e+00	1
21	22	24	25	5.00010207612553e-02	0.00000000000000e+00	0.00000000000000e+00	0.00000000000000e+00	-1.00530964914873e+02	-1.04860347273137e+00	1.05417118926771e+02	0.00000000000000e+00	1
22	23	25	26	5.00010190407554e-02	0.00000000000000e+00	0.00000000000000e+00	0.00000000000000e+00	-1.00530964914874e+02	-8.86703415836031e-01	8.91411499873107e+01	0.00000000000000e+00	1
23	24	26	27	5.00010197399712e-02	0.00000000000000e+00	0.00000000000000e+00	0.00000000000000e+00	-1.00530964914873e+02	-9.97330079510506e-01	1.00262555231818e+02	0.00000000000000e+00	1
24	25	27	28	5.00010212690870e-02	0.00000000000000e+00	0.00000000000000e+00	0.00000000000000e+00	-1.00530964914873e+02	-9.38916874057750e-01	9.43902193238819e+01	0.00000000000000e+00	1
25	26	28	29	5.00010225890227e-02	0.00000000000000e+00	0.00000000000000e+00	0.00000000000000e+00	-1.00530964914874e+02	-1.02617137223729e+00	1.03161998219036e+02	0.00000000000000e+00	1
26	27	29	30	5.00010235934017e-02	0.00000000000000e+00	0.00000000000000e+00	0.00000000000000e+00	-1.00530964914873e+02	-9.57158625866291e-01	9.62240802349322e+01	0.00000000000000e+00	1
27	28	30	31	5.00010241065233e-02	0.00000000000000e+00	0.00000000000000e+00	0.00000000000000e+00	-1.00530964914873e+02	-9.53507838874133e-01	9.58570630959119e+01	0.00000000000000e+00	1
1	2	5	6	5.00026321777929e-02	0.00000000000000e+00	0.00000000000000e+00	0.00000000000000e+00	-2.51327412287183e+02	-3.70509496440819e-01	9.31191929682984e+01	0.00000000000000e+00	1
2	3	6	7	5.00025445451040e-02	0.00000000000000e+00	0.00000000000000e+00	0.00000000000000e+00	-2.51327412287183e+02	-3.85503653942548e-01	9.68876357726343e+01	0.00000000000000e+00	1
3	4	7	8	5.00024841249829e-02	0.00000000000000e+00	0.00000000000000e+00	0.00000000000000e+00	-2.51327412287184e+02	-4.05374392091620e-01	1.01881696971877e+02	0.00000000000000e+00	1
4	5	8	9	5.00024878940033e-02	0.00000000000000e+00	0.00000000000000e+00	0.00000000000000e+00	-2.51327412287183e+02	-3.81922196791944e-01	9.59875174147555e+01	0.00000000000000e+00	1
5	6	9	10	5.00025384099447e-02	0.00000000000000e+00	0.00000000000000e+00	0.00000000000000e+00	-2.51327412287183e+02	-4.03230258850337e-01	1.01342817512746e+02	0.00000000000000e+00	1
6	7	10	11	5.00026041289998e-02	0.00000000000000e+00	0.00000000000000e+00	0.00000000000000e+00	-2.51327412287183e+02	-3.89095243288821e-01	9.77903006290313e+01	0.00000000000000e+00	1
7	8	11	12	5.00026644747422e-02	0.00000000000000e+00	0.00000000000000e+00	0.00000000000000e+00	-2.51327412287183e+02	-3.64050883831433e-01	9.14959665742159e+01	0.00000000000000e+00	1
8	9	12	13	5.00026965627148e-02	0.00000000000000e+00	0.00000000000000e+00	0.00000000000000e+00	-2.51327412287183e+02	-3.55077666108853e-01	8.92407509841104e+01	0.00000000000000e+00	1
9	10	13	14	5.00026977893802e-02	0.00000000000000e+00	0.00000000000000e+00	0.00000000000000e+00	-2.51327412287183e+02	-3.69004194700158e-01	9.27408693771065e+01	0.00000000000000e+00	1
10	11	14	15	5.00026841116323e-02	0.00000000000000e+00	0.00000000000000e+00	0.00000000000000e+00	-2.51327412287184e+02	-3.53623328814790e-01	8.88752361554011e+01	0.00000000000000e+00	1
11	12	15	16	5.00026709562639e-02	0.00000000000000e+00	0.00000000000000e+00	0.00000000000000e+00	-2.51327412287183e+02	-3.77843557060681e-01	9.49624434454457e+01	0.00000000000000e+00	1
12	13	16	17	5.00026644969712e-02	0.00000000000000e+00	0.00000000000000e+00	0.00000000000000e+00	-2.51327412287183e+02	-3.76333885370394e-01	9.45830215661224e+01	0.00000000000000e+00	1
13	14	17	18	5.00026593119954e-02	0.00000000000000e+00	0.00000000000000e+00	0.00000000000000e+00	-2.51327412287184e+02	-3.45239575010265e-01	8.67681690064572e+01	0.00000000000000e+00	1
14	15	18	19	5.00026615448685e-02	0.00000000000000e+00	0.00000000000000e+00	0.00000000000000e+00	-2.51327412287183e+02	-3.77806274420724e-01	9.49530732960221e+01	0.00000000000000e+00	1
15	16	19	20	5.00026702279780e-02	0.00000000000000e+00	0.00000000000000e+00	0.00000000000000e+00	-2.51327412287183e+02	-3.75548876025604e-01	9.43857271988753e+01	0.00000000000000e+00	1
16	17	20	21	5.00026850390764e-02	0.00000000000000e+00	0.00000000000000e+00	0.00000000000000e+00	-2.51327412287184e+02	-3.84288879521272e-01	9.65823296608228e+01	0.00000000000000e+00	1
17	18	21	22	5.00027058321233e-02	0.00000000000000e+00	0.00000000000000e+00	0.00000000000000e+00	-2.51327412287183e+02	-3.69508061190274e-01	9.28675048382057e+01	0.00000000000000e+00	1
18	19	22	23	5.00027257073921e-02	0.00000000000000e+00	0.00000000000000e+00	0.00000000000000e+00	-2.51327412287183e+02	-3.44416309185028e-01	8.65612597369754e+01	0.00000000000000e+00	1
19	20	23	24	5.00027199731063e-02	0.00000000000000e+00	0.00000000000000e+00	0.00000000000000e+00	-2.51327412287184e+02	-3.50106877846071e-01	8.79914556329983e+01	0.00000000000000e+00	1
20	21	24	25	5.00026899970941e-02	0.00000000000000e+00	0.00000000000000e+00	0.00000000000000e+00	-2.51327412287183e+02	-3.90389715392902e-01	9.81156369532281e+01	0.00000000000000e+00	1
21	22	25	26	5.00026562684974e-02	0.00000000000000e+00	0.00000000000000e+00	0.00000000000000e+00	-2.51327412287183e+02	-3.64412676559533e-01	9.15868950043537e+01	0.00000000000000e+00	1
22	23	26	27	5.00026402976078e-02	0.00000000000000e+00	0.00000000000000e+00	0.00000000000000e+00	-2.51327412287183e+02	-4.01699090144174e-01	1.00957992844051e+02	0.00000000000000e+00	1
23	24	27	28	5.00026397178460e-02	0.00000000000000e+00	0.00000000000000e+00	0.00000000000000e+00	-2.51327412287183e+02	-3.79330425623824e-01	9.53361342738316e+01	0.00000000000000e+00	1
24	25	28	29	5.00026447575207e-02	0.00000000000000e+00	0.00000000000000e+00	0.00000000000000e+00	-2.51327412287183e+02	-3.90823620732531e-01	9.82246892594147e+01	0.00000000000000e+00	1
25	26	29	30	5.00026497386783e-02	0.00000000000000e+00	0.00000000000000e+00	0.00000000000000e+00	-2.51327412287183e+02	-3.88277557243878e-01	9.75847937112926e+01	0.00000000000000e+00	1
26	27	30	31	5.00026547513553e-02	0.00000000000000e+00	0.00000000000000e+00	0.00000000000000e+00	-2.51327412287183e+02	-3.87137849973746e-01	9.72983540323251e+01	0.00000000000000e+00	1
1	2	6	7	5.00050745605817e-02	0.00000000000000e+00	0.00000000000000e+00	0.00000000000000e+00	-5.02654824574368e+02	-2.05459900731070e-01	1.03275410359043e+02	0.00000000000000e+00	1
2	3	7	8	5.00048399841988e-02	0.00000000000000e+00	0.00000000000000e+00	0.00000000000000e+00	-5.02654824574365e+02	-2.21773561825901e-01	1.11475550814831e+02	0.00000000000000e+00	1
3	4	8	9	5.00047676538993e-02	0.00000000000000e+00	0.00000000000000e+00	0.00000000000000e+00	-5.02654824574367e+02	-2.28010989616569e-01	1.14610823986744e+02	0.00000000000000e+00	1
4	5	9	10	5.00048494121211e-02	0.00000000000000e+00	0.00000000000000e+00	0.00000000000000e+00	-5.02654824574368e+02	-2.03908242175153e-01	1.02495461699819e+02	0.00000000000000e+00	1
5	6	10	11	5.00050240905793e-02	0.00000000000000e+00	0.00000000000000e+00	0.00000000000000e+00	-5.02654824574368e+02	-2.02691943802587e-01	1.01884083454727e+02	0.00000000000000e+00	1
6	7	11	12	5.00052391112088e-02	0.00000000000000e+00	0.00000000000000e+00	0.00000000000000e+00	-5.02654824574367e+02	-1.84898814017667e-01	9.29402809240589e+01	0.00000000000000e+00	1
7	8	12	13	5.00054564550588e-02	0.00000000000000e+00	0.00000000000000e+00	0.00000000000000e+00	-5.02654824574368e+02	-1.77704084054544e-01	8.93238151965855e+01	0.00000000000000e+00	1
8	9	13	14	5.00055902610964e-02	0.00000000000000e+00	0.00000000000000e+00	0.00000000000000e+00	-5.02654824574368e+02	-1.74418235145007e-01	8.76721673893843e+01	0.00000000000000e+00	1
9	10	14	15	5.00056182086152e-02	0.00000000000000e+00	0.00000000000000e+00	0.00000000000000e+00	-5.02654824574367e+02	-1.93229096526840e-01	9.71275376173622e+01	0.00000000000000e+00	1
10	11	15	16	5.00055969794840e-02	0.00000000000000e+00	0.00000000000000e+00	0.00000000000000e+00	-5.02654824574365e+02	-1.80352565623683e-01	9.06550872351091e+01	0.00000000000000e+00	1
11	12	16	17	5.00055706680545e-02	0.00000000000000e+00	0.00000000000000e+00	0.00000000000000e+00	-5.02654824574368e+02	-1.78425771977185e-01	8.96865751127379e+01	0.00000000000000e+00	1
12	13	17	18	5.00055657308738e-02	0.00000000000000e+00	0.00000000000000e+00	0.00000000000000e+00	-5.02654824574367e+02	-1.60240600662795e-01	8.05457110158486e+01	0.00000000000000e+00	1
13	14	18	19	5.00055879299047e-02	0.00000000000000e+00	0.00000000000000e+00	0.00000000000000e+00	-5.02654824574365e+02	-1.83375657047623e-01	9.21746587244817e+01	0.00000000000000e+00	1
14	15	19	20	5.00056451129297e-02	0.00000000000000e+00	0.00000000000000e+00	0.00000000000000e+00	-5.02654824574368e+02	-1.77191744082874e-01	8.90662850380031e+01	0.00000000000000e+00	1
15	16	20	21	5.00057307340497e-02	0.00000000000000e+00	0.00000000000000e+00	0.00000000000000e+00	-5.02654824574365e+02	-1.83761747218399e-01	9.23687288115431e+01	0.00000000000000e+00	1
16	17	21	22	5.00058310335654e-02	0.00000000000000e+00	0.00000000000000e+00	0.00000000000000e+00	-5.02654824574365e+02	-1.86284259583202e-01	9.36366818217600e+01	0.00000000000000e+00	1
17	18	22	23	5.00059216844330e-02	0.00000000000000e+00	0.00000000000000e+00	0.00000000000000e+00	-5.02654824574368e+02	-1.68332872095587e-01	8.46133302933068e+01	0.00000000000000e+00	1
18	19	23	24	5.00059385948414e-02	0.00000000000000e+00	0.00000000000000e+00	0.00000000000000e+00	-5.02654824574365e+02	-1.50477828043643e-01	7.56384062576088e+01	0.00000000000000e+00	1
19	20	24	25	5.00058594501443e-02	0.00000000000000e+00	0.00000000000000e+00	0.00000000000000e+00	-5.02654824574365e+02	-1.86266831214022e-01	9.36279213679071e+01	0.00000000000000e+00	1
20	21	25	26	5.00057094584211e-02	0.00000000000000e+00	0.00000000000000e+00	0.00000000000000e+00	-5.02654824574369e+02	-1.82179043890361e-01	9.15731753478359e+01	0.00000000000000e+00	1
21	22	26	27	5.00055702318299e-02	0.00000000000000e+00	0.00000000000000e+00	0.00000000000000e+00	-5.02654824574364e+02	-1.88870371788540e-01	9.49366035986633e+01	0.00000000000000e+00	1
22	23	27	28	5.00054984380022e-02	0.00000000000000e+00	0.00000000000000e+00	0.00000000000000e+00	-5.02654824574365e+02	-1.89554565312901e-01	9.52805167746261e+01	0.00000000000000e+00	1
23	24	28	29	5.00054835252095e-02	0.00000000000000e+00	0.00000000000000e+00	0.00000000000000e+00	-5.02654824574369e+02	-1.82685411023771e-01	9.18277032304501e+01	0.00000000000000e+00	1
24	25	29	30	5.00054914084646e-02	0.00000000000000e+00	0.00000000000000e+00	0.00000000000000e+00	-5.02654824574364e+02	-1.77410046916069e-01	8.91760160103262e+01	0.00000000000000e+00	1
25	26	30	31	5.00055050587806e-02	0.00000000000000e+00	0.00000000000000e+00	0.00000000000000e+00	-5.02654824574368e+02	-1.79538302281487e-01	9.02457938376809e+01	0.00000000000000e+00	1
1	2	7	8	5.00082937983633e-02	0.00000000000000e+00	0.00000000000000e+00	0.00000000000000e+00	-8.79645943005146e+02	-1.14764637157696e-01	1.00952247476225e+02	0.00000000000000e+00	1
2	3	8	9	5.00080334674550e-02	0.00000000000000e+00	0.00000000000000e+00	0.00000000000000e+00	-8.79645943005140e+02	-1.29598891790878e-01	1.14001139381808e+02	0.00000000000000e+00	1
3	4	9	10	5.00080388590709e-02	0.00000000000000e+00	0.00000000000000e+00	0.00000000000000e+00	-8.79645943005140e+02	-1.34704462168941e-01	1.18492233651598e+02	0.00000000000000e+00	1
4	5	10	11	5.00082587807937e-02	0.00000000000000e+00	0.00000000000000e+00	0.00000000000000e+00	-8.79645943005146e+02	-1.23638891486444e-01	1.08758449293704e+02	0.00000000000000e+00	1
5	6	11	12	5.00086278797726e-02	0.00000000000000e+00	0.00000000000000e+00	0.00000000000000e+00	-8.79645943005140e+02	-1.08510039690775e-01	9.54504161893174e+01	0.00000000000000e+00	1
6	7	12	13	5.00090967797234e-02	0.00000000000000e+00	0.00000000000000e+00	0.00000000000000e+00	-8.79645943005140e+02	-1.09640414216524e-01	9.64447455549682e+01	0.00000000000000e+00	1
7	8	13	14	5.00096146494822e-02	0.00000000000000e+00	0.00000000000000e+00	0.00000000000000e+00	-8.79645943005146e+02	-1.02280495898986e-01	8.99706232660977e+01	0.00000000000000e+00	1
8	9	14	15	5.00099696209745e-02	0.00000000000000e+00	0.00000000000000e+00	0.00000000000000e+00	-8.79645943005140e+02	-9.82063148502791e-02	8.63867864355335e+01	0.00000000000000e+00	1
9	10	15	16	5.00100953511281e-02	0.00000000000000e+00	0.00000000000000e+00	0.00000000000000e+00	-8.79645943005140e+02	-9.72220577182430e-02	8.55209886424640e+01	0.00000000000000e+00	1
10	11	16	17	5.00101072668452e-02	0.00000000000000e+00	0.00000000000000e+00	0.00000000000000e+00	-8.79645943005146e+02	-9.79556027063416e-02	8.61662485152572e+01	0.00000000000000e+00	1
11	12	17	18	5.00101222303331e-02	0.00000000000000e+00	0.00000000000000e+00	0.00000000000000e+00	-8.79645943005140e+02	-1.05592020095192e-01	9.28835920904532e+01	0.00000000000000e+00	1
12	13	18	19	5.00102243645612e-02	0.00000000000000e+00	0.00000000000000e+00	0.00000000000000e+00	-8.79645943005140e+02	-1.01756313868446e-01	8.95095286695367e+01	0.00000000000000e+00	1
13	14	19	20	5.00104177657374e-02	0.00000000000000e+00	0.00000000000000e+00	0.00000000000000e+00	-8.79645943005146e+02	-9.62567612452619e-02	8.46718695162096e+01	0.00000000000000e+00	1
14	15	20	21	5.00107001755988e-02	0.00000000000000e+00	0.00000000000000e+00	0.00000000000000e+00	-8.79645943005146e+02	-9.66363866969738e-02	8.50058055046694e+01	0.00000000000000e+00	1
15	16	21	22	5.00110169309411e-02	0.00000000000000e+00	0.00000000000000e+00	0.00000000000000e+00	-8.79645943005140e+02	-8.76495079327140e-02	7.71005340594088e+01	0.00000000000000e+00	1
16	17	22	23	5.00112956364350e-02	0.00000000000000e+00	0.00000000000000e+00	0.00000000000000e+00	-8.79645943005146e+02	-9.33619721230999e-02	8.21254800090443e+01	0.00000000000000e+00	1
17	18	23	24	5.00114157500940e-02	0.00000000000000e+00	0.00000000000000e+00	0.00000000000000e+00	-8.79645943005146e+02	-8.69151044742704e-02	7.64545190366604e+01	0.00000000000000e+00	1
18	19	24	25	5.00113284775032e-02	0.00000000000000e+00	0.00000000000000e+00	0.00000000000000e+00	-8.79645943005140e+02	-8.49978370842529e-02	7.47680025553750e+01	0.00000000000000e+00	1
19	20	25	26	5.00110119199022e-02	0.00000000000000e+00	0.00000000000000e+00	0.00000000000000e+00	-8.79645943005146e+02	-8.86152685072140e-02	7.79500614306824e+01	0.00000000000000e+00	1
20	21	26	27	5.00105605025264e-02	0.00000000000000e+00	0.00000000000000e+00	0.00000000000000e+00	-8.79645943005140e+02	-1.02552802046911e-01	9.02101562643743e+01	0.00000000000000e+00	1
21	22	27	28	5.00101681440809e-02	0.00000000000000e+00	0.00000000000000e+00	0.00000000000000e+00	-8.79645943005140e+02	-8.89949907248852e-02	7.82840825389254e+01	0.00000000000000e+00	1
22	23	28	29	5.00099492079385e-02	0.00000000000000e+00	0.00000000000000e+00	0.00000000000000e+00	-8.79645943005146e+02	-1.08984060438816e-01	9.58673866172319e+01	0.00000000000000e+00	1
23	24	29	30	5.00098810341731e-02	0.00000000000000e+00	0.00000000000000e+00	0.00000000000000e+00	-8.79645943005140e+02	-1.08082643086446e-01	9.50744585002647e+01	0.00000000000000e+00	1
24	25	30	31	5.00098852850290e-02	0.00000000000000e+00	0.00000000000000e+00	0.00000000000000e+00	-8.79645943005140e+02	-1.02409951703246e-01	9.00844985391127e+01	0.00000000000000e+00	1
1	2	8	9	5.00126044630869e-02	0.00000000000000e+00	0.00000000000000e+00	0.00000000000000e+00	-1.40743350880823e+03	-8.21727356828491e-02	1.15652661710483e+02	0.00000000000000e+00	1
2	3	9	10	5.00124340496709e-02	0.00000000000000e+00	0.00000000000000e+00	0.00000000000000e+00	-1.40743350880822e+03	-8.46634647436642e-02	1.19158197252036e+02	0.00000000000000e+00	1
3	4	10	11	5.00125266376130e-02	0.00000000000000e+00	0.00000000000000e+00	0.00000000000000e+00	-1.40743350880822e+03	-8.73481386614920e-02	1.22936697284211e+02	0.00000000000000e+00	1
4	5	11	12	5.00128825027035e-02	0.00000000000000e+00	0.00000000000000e+00	0.00000000000000e+00	-1.40743350880823e+03	-8.17738588383145e-02	1.15091269073598e+02	0.00000000000000e+00	1
5	6	12	13	5.00134673810673e-02	0.00000000000000e+00	0.00000000000000e+00	0.00000000000000e+00	-1.40743350880823e+03	-7.55133505767980e-02	1.06280019964169e+02	0.00000000000000e+00	1
6	7	13	14	5.00142580978378e-02	0.00000000000000e+00	0.00000000000000e+00	0.00000000000000e+00	-1.40743350880823e+03	-6.38373415283420e-02	8.98468135802236e+01	0.00000000000000e+00	1
7	8	14	15	5.00152022756906e-02	0.00000000000000e+00	0.00000000000000e+00	0.00000000000000e+00	-1.40743350880822e+03	-6.19137743063024e-02	8.71395206154794e+01	0.00000000000000e+00	1
8	9	15	16	5.00159581612629e-02	0.00000000000000e+00	0.00000000000000e+00	0.00000000000000e+00	-1.40743350880823e+03	-6.31769614857830e-02	8.89173725797778e+01	0.00000000000000e+00	1
9	10	16	17	5.00163609424661e-02	0.00000000000000e+00	0.00000000000000e+00	0.00000000000000e+00	-1.40743350880823e+03	-6.23287749217523e-02	8.77236063878401e+01	0.00000000000000e+00	1
10	11	17	18	5.00166010174617e-02	0.00000000000000e+00	0.00000000000000e+00	0.00000000000000e+00	-1.40743350880822e+03	-6.19234368030710e-02	8.71531199372104e+01	0.00000000000000e+00	1
11	12	18	19	5.00169261544190e-02	0.00000000000000e+00	0.00000000000000e+00	0.00000000000000e+00	-1.40743350880823e+03	-5.71749653712866e-02	8.04699621284989e+01	0.00000000000000e+00	1
12	13	19	20	5.00174497113410e-02	0.00000000000000e+00	0.00000000000000e+00	0.00000000000000e+00	-1.40743350880823e+03	-5.09195608421714e-02	7.16658961830714e+01	0.00000000000000e+00	1
13	14	20	21	5.00181240364072e-02	0.00000000000000e+00	0.00000000000000e+00	0.00000000000000e+00	-1.40743350880822e+03	-5.66791161909733e-02	7.97720873768104e+01	0.00000000000000e+00	1
14	15	21	22	5.00188564882261e-02	0.00000000000000e+00	0.00000000000000e+00	0.00000000000000e+00	-1.40743350880822e+03	-5.31046975043944e-02	7.47413307428090e+01	0.00000000000000e+00	1
15	16	22	23	5.00194912216559e-02	0.00000000000000e+00	0.00000000000000e+00	0.00000000000000e+00	-1.40743350880822e+03	-4.76100939687348e-02	6.70080416091055e+01	0.00000000000000e+00	1
16	17	23	24	5.00198171123168e-02	0.00000000000000e+00	0.00000000000000e+00	0.00000000000000e+00	-1.40743350880822e+03	-5.78180518511255e-02	8.13750635892852e+01	0.00000000000000e+00	1
17	18	24	25	5.00198319052025e-02	0.00000000000000e+00	0.00000000000000e+00	0.00000000000000e+00	-1.40743350880822e+03	-4.99378779026794e-02	7.02842427190046e+01	0.00000000000000e+00	1
18	19	25	26	5.00194698277151e-02	0.00000000000000e+00	0.00000000000000e+00	0.00000000000000e+00	-1.40743350880822e+03	-5.36942480484939e-02	7.55710839337107e+01	0.00000000000000e+00	1
19	20	26	27	5.00186854254923e-02	0.00000000000000e+00	0.00000000000000e+00	0.00000000000000e+00	-1.40743350880822e+03	-5.26396391271965e-02	7.40867919991887e+01	0.00000000000000e+00	1
20	21	27	28	5.00176829750425e-02	0.00000000000000e+00	0.00000000000000e+00	0.00000000000000e+00	-1.40743350880822e+03	-5.44571120054237e-02	7.66447642293557e+01	0.00000000000000e+00	1
21	22	28	29	5.00168047699095e-02	0.00000000000000e+00	0.00000000000000e+00	0.00000000000000e+00	-1.40743350880822e+03	-5.96611147267866e-02	8.39690520393311e+01	0.00000000000000e+00	1
22	23	29	30	5.00162819467948e-02	0.00000000000000e+00	0.00000000000000e+00	0.00000000000000e+00	-1.40743350880822e+03	-6.52945497319004e-02	9.18977372352215e+01	0.00000000000000e+00	1
23	24	30	31	5.00160912158835e-02	0.00000000000000e+00	0.00000000000000e+00	0.00000000000000e+00	-1.40743350880822e+03	-5.98572896822898e-02	8.42451552452953e+01	0.00000000000000e+00	1
1	2	9	10	5.00184722320833e-02	0.00000000000000e+00	0.00000000000000e+00	0.00000000000000e+00	-2.11115026321234e+03	-5.41823844089488e-02	1.14387155106425e+02	0.00000000000000e+00	1
2	3	10	11	5.00183402466005e-02	0.00000000000000e+00	0.00000000000000e+00	0.00000000000000e+00	-2.11115026321235e+03	-5.03389681799275e-02	1.06273125922892e+02	0.00000000000000e+00	1
3	4	11	12	5.00184308648185e-02	0.00000000000000e+00	0.00000000000000e+00	0.00000000000000e+00	-2.11115026321234e+03	-5.52299795979835e-02	1.16598785965495e+02	0.00000000000000e+00	1
4	5	12	13	5.00188433549064e-02	0.00000000000000e+00	0.00000000000000e+00	0.00000000000000e+00	-2.11115026321234e+03	-5.38537792849166e-02	1.13693420312331e+02	0.00000000000000e+00	1
5	6	13	14	5.00195859182486e-02	0.00000000000000e+00	0.00000000000000e+00	0.00000000000000e+00	-2.11115026321234e+03	-5.36669122596160e-02	1.13298915942682e+02	0.00000000000000e+00	1
6	7	14	15	5.00206964406527e-02	0.00000000000000e+00	0.00000000000000e+00	0.00000000000000e+00	-2.11115026321234e+03	-4.92783765770502e-02	1.04034057681316e+02	0.00000000000000e+00	1
7	8	15	16	5.00222105488760e-02	0.00000000000000e+00	0.00000000000000e+00	0.00000000000000e+00	-2.11115026321235e+03	-4.52751108232090e-02	9.55825621313860e+01	0.00000000000000e+00	1
8	9	16	17	5.00236901552659e-02	0.00000000000000e+00	0.00000000000000e+00	0.00000000000000e+00	-2.11115026321234e+03	-4.14962421250255e-02	8.76048024845706e+01	0.00000000000000e+00	1
9	10	17	18	5.00248192393753e-02	0.00000000000000e+00	0.00000000000000e+00	0.00000000000000e+00	-2.11115026321234e+03	-4.18086064664130e-02	8.82642505461091e+01	0.00000000000000e+00	1
10	11	18	19	5.00258475902383e-02	0.00000000000000e+00	0.00000000000000e+00	0.00000000000000e+00	-2.11115026321235e+03	-3.71467291873470e-02	7.84223271013455e+01	0.00000000000000e+00	1
11	12	19	20	5.00270576470792e-02	0.00000000000000e+00	0.00000000000000e+00	0.00000000000000e+00	-2.11115026321234e+03	-3.51856835331985e-02	7.42822650524181e+01	0.00000000000000e+00	1
12	13	20	21	5.00284848819482e-02	0.00000000000000e+00	0.00000000000000e+00	0.00000000000000e+00	-2.11115026321234e+03	-3.70664339887895e-02	7.82528118717759e+01	0.00000000000000e+00	1
13	14	21	22	5.00298380210639e-02	0.00000000000000e+00	0.00000000000000e+00	0.00000000000000e+00	-2.11115026321235e+03	-3.15016313963875e-02	6.65046774141020e+01	0.00000000000000e+00	1
14	15	22	23	5.00309478221169e-02	0.00000000000000e+00	0.00000000000000e+00	0.00000000000000e+00	-2.11115026321235e+03	-3.44990070005989e-02	7.28325877098792e+01	0.00000000000000e+00	1
15	16	23	24	5.00315378401552e-02	0.00000000000000e+00	0.00000000000000e+00	0.00000000000000e+00	-2.11115026321235e+03	-3.21219546513391e-02	6.78142730170697e+01	0.00000000000000e+00	1
16	17	24	25	5.00316887167788e-02	0.00000000000000e+00	0.00000000000000e+00	0.00000000000000e+00	-2.11115026321235e+03	-3.25296079937104e-02	6.86748904781164e+01	0.00000000000000e+00	1
17	18	25	26	5.00314879987184e-02	0.00000000000000e+00	0.00000000000000e+00	0.00000000000000e+00	-2.11115026321236e+03	-2.85038155897702e-02	6.01758377848998e+01	0.00000000000000e+00	1
18	19	26	27	5.00307150835137e-02	0.00000000000000e+00	0.00000000000000e+00	0.00000000000000e+00	-2.11115026321235e+03	-3.37703794870162e-02	7.12943455427952e+01	0.00000000000000e+00	1
19	20	27	28	5.00292842183271e-02	0.00000000000000e+00	0.00000000000000e+00	0.00000000000000e+00	-2.11115026321235e+03	-3.14813942050513e-02	6.64619536622859e+01	0.00000000000000e+00	1
20	21	28	29	5.00274257926862e-02	0.00000000000000e+00	0.00000000000000e+00	0.00000000000000e+00	-2.11115026321236e+03	-3.85739786555892e-02	8.14354651918949e+01	0.00000000000000e+00	1
21	22	29	30	5.00257482097224e-02	0.00000000000000e+00	0.00000000000000e+00	0.00000000000000e+00	-2.11115026321235e+03	-4.06402948726456e-02	8.57977692174132e+01	0.00000000000000e+00	1
22	23	30	31	5.00247107352514e-02	0.00000000000000e+00	0.00000000000000e+00	0.00000000000000e+00	-2.11115026321235e+03	-4.19972716655781e-02	8.86625511309859e+01	0.00000000000000e+00	1
1	2	10	11	5.00262112508641e-02	0.00000000000000e+00	0.00000000000000e+00	0.00000000000000e+00	-3.01592894744617e+03	-4.12072216770394e-02	1.24278052699615e+02	0.00000000000000e+00	1
2	3	11	12	5.00259438294808e-02	0.00000000000000e+00	0.00000000000000e+00	0.00000000000000e+00	-3.01592894744617e+03	-3.69805150994057e-02	1.11530605979768e+02	0.00000000000000e+00	1
3	4	12	13	5.00258521817622e-02	0.00000000000000e+00	0.00000000000000e+00	0.00000000000000e+00	-3.01592894744619e+03	-3.97090412960599e-02	1.19759647120123e+02	0.00000000000000e+00	1
4	5	13	14	5.00261419181550e-02	0.00000000000000e+00	0.00000000000000e+00	0.00000000000000e+00	-3.01592894744617e+03	-3.99927571279552e-02	1.20615313910384e+02	0.00000000000000e+00	1
5	6	14	15	5.00269299147739e-02	0.00000000000000e+00	0.00000000000000e+00	0.00000000000000e+00	-3.01592894744619e+03	-3.85974703786418e-02	1.16407228213143e+02	0.00000000000000e+00	1
6	7	15	16	5.00283803909451e-02	0.00000000000000e+00	0.00000000000000e+00	0.00000000000000e+00	-3.01592894744617e+03	-3.55136337600300e-02	1.07106596085876e+02	0.00000000000000e+00	1
7	8	16	17	5.00307741678072e-02	0.00000000000000e+00	0.00000000000000e+00	0.00000000000000e+00	-3.01592894744617e+03	-3.41825595714569e-02	1.03092170909360e+02	0.00000000000000e+00	1
8	9	17	18	5.00336566018184e-02	0.00000000000000e+00	0.00000000000000e+00	0.00000000000000e+00	-3.01592894744619e+03	-3.02875211735230e-02	9.13450118536175e+01	0.00000000000000e+00	1
9	10	18	19	5.00364615534952e-02	0.00000000000000e+00	0.00000000000000e+00	0.00000000000000e+00	-3.01592894744617e+03	-2.88931150111075e-02	8.71395819438907e+01	0.00000000000000e+00	1
10	11	19	20	5.00392030667606e-02	0.00000000000000e+00	0.00000000000000e+00	0.00000000000000e+00	-3.01592894744617e+03	-2.75632041114468e-02	8.31286651640798e+01	0.00000000000000e+00	1
11	12	20	21	5.00419412836336e-02	0.00000000000000e+00	0.00000000000000e+00	0.00000000000000e+00	-3.01592894744619e+03	-2.23013985221836e-02	6.72594333715872e+01	0.00000000000000e+00	1
12	13	21	22	5.00443162894487e-02	0.00000000000000e+00	0.00000000000000e+00	0.00000000000000e+00	-3.01592894744617e+03	-2.42150600350836e-02	7.30309005239555e+01	0.00000000000000e+00	1
13	14	22	23	5.00458676832003e-02	0.00000000000000e+00	0.00000000000000e+00	0.00000000000000e+00	-3.01592894744617e+03	-2.16134701183963e-02	6.51846901848343e+01	0.00000000000000e+00	1
14	15	23	24	5.00465809569098e-02	0.00000000000000e+00	0.00000000000000e+00	0.00000000000000e+00	-3.01592894744617e+03	-2.17783207807706e-02	6.56818680694948e+01	0.00000000000000e+00	1
15	16	24	25	5.00467720949529e-02	0.00000000000000e+00	0.00000000000000e+00	0.00000000000000e+00	-3.01592894744616e+03	-2.08324642659724e-02	6.28292320263838e+01	0.00000000000000e+00	1
16	17	25	26	5.00466992049019e-02	0.00000000000000e+00	0.00000000000000e+00	0.00000000000000e+00	-3.01592894744621e+03	-2.19036526552550e-02	6.60598600977906e+01	0.00000000000000e+00	1
17	18	26	27	5.00463012837077e-02	0.00000000000000e+00	0.00000000000000e+00	0.00000000000000e+00	-3.01592894744616e+03	-2.20471724510082e-02	6.64927056043332e+01	0.00000000000000e+00	1
18	19	27	28	5.00452337626162e-02	0.00000000000000e+00	0.00000000000000e+00	0.00000000000000e+00	-3.01592894744616e+03	-2.32413803555839e-02	7.00943517930119e+01	0.00000000000000e+00	1
19	20	28	29	5.00430333240843e-02	0.00000000000000e+00	0.00000000000000e+00	0.00000000000000e+00	-3.01592894744621e+03	-2.22421530671055e-02	6.70807532886130e+01	0.00000000000000e+00	1
20	21	29	30	5.00399957079105e-02	0.00000000000000e+00	0.00000000000000e+00	0.00000000000000e+00	-3.01592894744616e+03	-2.43500930842218e-02	7.34381506057131e+01	0.00000000000000e+00	1
21	22	30	31	5.00371708585092e-02	0.00000000000000e+00	0.00000000000000e+00	0.00000000000000e+00	-3.01592894744616e+03	-2.58202313461787e-02	7.78719831466970e+01	0.00000000000000e+00	1
1	2	11	12	5.00359487780391e-02	0.00000000000000e+00	0.00000000000000e+00	0.00000000000000e+00	-4.14690230273854e+03	-2.81533806919766e-02	1.16749319221433e+02	0.00000000000000e+00	1
2	3	12	13	5.00352816178477e-02	0.00000000000000e+00	0.00000000000000e+00	0.00000000000000e+00	-4.14690230273854e+03	-2.92242324877669e-02	1.21190036999287e+02	0.00000000000000e+00	1
3	4	13	14	5.00347201679879e-02	0.00000000000000e+00	0.00000000000000e+00	0.00000000000000e+00	-4.14690230273860e+03	-2.72575338970404e-02	1.13034330084612e+02	0.00000000000000e+00	1
4	5	14	15	5.00347016477068e-02	0.00000000000000e+00	0.00000000000000e+00	0.00000000000000e+00	-4.14690230273860e+03	-3.02908908080159e-02	1.25613364843764e+02	0.00000000000000e+00	1
5	6	15	16	5.00354792541644e-02	0.00000000000000e+00	0.00000000000000e+00	0.00000000000000e+00	-4.14690230273854e+03	-2.84289789864395e-02	1.17892198423371e+02	0.00000000000000e+00	1
6	7	16	17	5.00375220317422e-02	0.00000000000000e+00	0.00000000000000e+00	0.00000000000000e+00	-4.14690230273854e+03	-2.53186836325755e-02	1.04994107458236e+02	0.00000000000000e+00	1
7	8	17	18	5.00415569095234e-02	0.00000000000000e+00	0.00000000000000e+00	0.00000000000000e+00	-4.14690230273860e+03	-2.14338356412732e-02	8.88840223773164e+01	0.00000000000000e+00	1
8	9	18	19	5.00471052742041e-02	0.00000000000000e+00	0.00000000000000e+00	0.00000000000000e+00	-4.14690230273854e+03	-2.07952013777007e-02	8.62356684790988e+01	0.00000000000000e+00	1
9	10	19	20	5.00528854748112e-02	0.00000000000000e+00	0.00000000000000e+00	0.00000000000000e+00	-4.14690230273854e+03	-1.99559515321428e-02	8.27553813619818e+01	0.00000000000000e+00	1
10	11	20	21	5.00580896779545e-02	0.00000000000000e+00	0.00000000000000e+00	0.00000000000000e+00	-4.14690230273860e+03	-1.76098602715513e-02	7.30263701110008e+01	0.00000000000000e+00	1
11	12	21	22	5.00620402779392e-02	0.00000000000000e+00	0.00000000000000e+00	0.00000000000000e+00	-4.14690230273854e+03	-1.58927609662707e-02	6.59057270479011e+01	0.00000000000000e+00	1
12	13	22	23	5.00642941643928e-02	0.00000000000000e+00	0.00000000000000e+00	0.00000000000000e+00	-4.14690230273854e+03	-1.60881619843705e-02	6.67160359798166e+01	0.00000000000000e+00	1
13	14	23	24	5.00647493251956e-02	0.00000000000000e+00	0.00000000000000e+00	0.00000000000000e+00	-4.14690230273860e+03	-1.50751464349536e-02	6.25151594652306e+01	0.00000000000000e+00	1
14	15	24	25	5.00646270468414e-02	0.00000000000000e+00	0.00000000000000e+00	0.00000000000000e+00	-4.14690230273857e+03	-1.50662012860563e-02	6.24780648066696e+01	0.00000000000000e+00	1
15	16	25	26	5.00644777250811e-02	0.00000000000000e+00	0.00000000000000e+00	0.00000000000000e+00	-4.14690230273854e+03	-1.65121069955994e-02	6.84740945231163e+01	0.00000000000000e+00	1
16	17	26	27	5.00642902681657e-02	0.00000000000000e+00	0.00000000000000e+00	0.00000000000000e+00	-4.14690230273854e+03	-1.69053460050648e-02	7.01048182769950e+01	0.00000000000000e+00	1
17	18	27	28	5.00641039264871e-02	0.00000000000000e+00	0.00000000000000e+00	0.00000000000000e+00	-4.14690230273857e+03	-1.53888793374239e-02	6.38161791609292e+01	0.00000000000000e+00	1
18	19	28	29	5.00629690722878e-02	0.00000000000000e+00	0.00000000000000e+00	0.00000000000000e+00	-4.14690230273854e+03	-1.61261098427902e-02	6.68734020412814e+01	0.00000000000000e+00	1
19	20	29	30	5.00599632727782e-02	0.00000000000000e+00	0.00000000000000e+00	0.00000000000000e+00	-4.14690230273854e+03	-1.70630615819048e-02	7.07588493657706e+01	0.00000000000000e+00	1
20	21	30	31	5.00554862885910e-02	0.00000000000000e+00	0.00000000000000e+00	0.00000000000000e+00	-4.14690230273857e+03	-1.78517977706774e-02	7.40296612832455e+01	0.00000000000000e+00	1
1	2	12	13	5.00476112281644e-02	0.00000000000000e+00	0.00000000000000e+00	0.00000000000000e+00	-5.52920307031808e+03	-2.07166778625790e-02	1.14546718844563e+02	0.00000000000000e+00	1
2	3	13	14	5.00461877449685e-02	0.00000000000000e+00	0.00000000000000e+00	0.00000000000000e+00	-5.52920307031797e+03	-2.10647478364899e-02	1.16471268412994e+02	0.00000000000000e+00	1
3	4	14	15	5.00449287818744e-02	0.00000000000000e+00	0.00000000000000e+00	0.00000000000000e+00	-5.52920307031803e+03	-2.11857054073980e-02	1.17140067385438e+02	0.00000000000000e+00	1
4	5	15	16	5.00445165683240e-02	0.00000000000000e+00	0.00000000000000e+00	0.00000000000000e+00	-5.52920307031797e+03	-2.23587758710723e-02	1.23626212194884e+02	0.00000000000000e+00	1
5	6	16	17	5.00455378588927e-02	0.00000000000000e+00	0.00000000000000e+00	0.00000000000000e+00	-5.52920307031808e+03	-2.23199607466231e-02	1.23411595489607e+02	0.00000000000000e+00	1
6	7	17	18	5.00489829640630e-02	0.00000000000000e+00	0.00000000000000e+00	0.00000000000000e+00	-5.52920307031803e+03	-2.11560077173267e-02	1.16975862826314e+02	0.00000000000000e+00	1
7	8	18	19	5.00560394321589e-02	0.00000000000000e+00	0.00000000000000e+00	0.00000000000000e+00	-5.52920307031797e+03	-1.79338803639259e-02	9.91600663709343e+01	0.00000000000000e+00	1
8	9	19	20	5.00657732059139e-02	0.00000000000000e+00	0.00000000000000e+00	0.00000000000000e+00	-5.52920307031808e+03	-1.64623907638091e-02	9.10239015560291e+01	0.00000000000000e+00	1
9	10	20	21	5.00752661051445e-02	0.00000000000000e+00	0.00000000000000e+00	0.00000000000000e+00	-5.52920307031803e+03	-1.33173786690043e-02	7.36344910252461e+01	0.00000000000000e+00	1
10	11	21	22	5.00820217138416e-02	0.00000000000000e+00	0.00000000000000e+00	0.00000000000000e+00	-5.52920307031797e+03	-1.16693774275257e-02	6.45223575009746e+01	0.00000000000000e+00	1
11	12	22	23	5.00853929446131e-02	0.00000000000000e+00	0.00000000000000e+00	0.00000000000000e+00	-5.52920307031808e+03	-1.18344601329050e-02	6.54351333024153e+01	0.00000000000000e+00	1
12	13	23	24	5.00858388048040e-02	0.00000000000000e+00	0.00000000000000e+00	0.00000000000000e+00	-5.52920307031803e+03	-1.19142744618424e-02	6.58764429350308e+01	0.00000000000000e+00	1
13	14	24	25	5.00848815967562e-02	0.00000000000000e+00	0.00000000000000e+00	0.00000000000000e+00	-5.52920307031797e+03	-1.16145074662515e-02	6.42189703426287e+01	0.00000000000000e+00	1
14	15	25	26	5.00842227807876e-02	0.00000000000000e+00	0.00000000000000e+00	0.00000000000000e+00	-5.52920307031808e+03	-1.12047198645657e-02	6.19531714772108e+01	0.00000000000000e+00	1
15	16	26	27	5.00839209387483e-02	0.00000000000000e+00	0.00000000000000e+00	0.00000000000000e+00	-5.52920307031803e+03	-1.13554222235118e-02	6.27864354229989e+01	0.00000000000000e+00	1
16	17	27	28	5.00841799761526e-02	0.00000000000000e+00	0.00000000000000e+00	0.00000000000000e+00	-5.52920307031797e+03	-1.21235428832263e-02	6.70335305330665e+01	0.00000000000000e+00	1
17	18	28	29	5.00846133583683e-02	0.00000000000000e+00	0.00000000000000e+00	0.00000000000000e+00	-5.52920307031808e+03	-1.20969700671113e-02	6.68866040366177e+01	0.00000000000000e+00	1
18	19	29	30	5.00837186945129e-02	0.00000000000000e+00	0.00000000000000e+00	0.00000000000000e+00	-5.52920307031803e+03	-1.16556029456160e-02	6.44461955933076e+01	0.00000000000000e+00	1
19	20	30	31	5.00800280214076e-02	0.00000000000000e+00	0.00000000000000e+00	0.00000000000000e+00	-5.52920307031797e+03	-1.23192977250960e-02	6.81158988057622e+01	0.00000000000000e+00	1
1	2	13	14	5.00609198883129e-02	0.00000000000000e+00	0.00000000000000e+00	0.00000000000000e+00	-7.18796399141354e+03	-1.65638879395593e-02	1.19060630067361e+02	0.00000000000000e+00	1
2	3	14	15	5.00585188233197e-02	0.00000000000000e+00	0.00000000000000e+00	0.00000000000000e+00	-7.18796399141345e+03	-1.58818687416457e-02	1.14158300631304e+02	0.00000000000000e+00	1
3	4	15	16	5.00564948074662e-02	0.00000000000000e+00	0.00000000000000e+00	0.00000000000000e+00	-7.18796399141345e+03	-1.90428176658934e-02	1.36879087677493e+02	0.00000000000000e+00	1
4	5	16	17	5.00559995794115e-02	0.00000000000000e+00	0.00000000000000e+00	0.00000000000000e+00	-7.18796399141354e+03	-1.81138572211483e-02	1.30201753451220e+02	0.00000000000000e+00	1
5	6	17	18	5.00581830101104e-02	0.00000000000000e+00	0.00000000000000e+00	0.00000000000000e+00	-7.18796399141345e+03	-1.66383939439602e-02	1.19596176544138e+02	0.00000000000000e+00	1
6	7	18	19	5.00644442245035e-02	0.00000000000000e+00	0.00000000000000e+00	0.00000000000000e+00	-7.18796399141354e+03	-1.59641361903683e-02	1.14749636090389e+02	0.00000000000000e+00	1
7	8	19	20	5.00759785704151e-02	0.00000000000000e+00	0.00000000000000e+00	0.00000000000000e+00	-7.18796399141354e+03	-1.37700914033446e-02	9.89789211657144e+01	0.00000000000000e+00	1
8	9	20	21	5.00903677436882e-02	0.00000000000000e+00	0.00000000000000e+00	0.00000000000000e+00	-7.18796399141345e+03	-1.09713934451093e-02	7.88619810190754e+01	0.00000000000000e+00	1
9	10	21	22	5.01018453279907e-02	0.00000000000000e+00	0.00000000000000e+00	0.00000000000000e+00	-7.18796399141354e+03	-9.00350425054745e-03	6.47168643494738e+01	0.00000000000000e+00	1
10	11	22	23	5.01075959585617e-02	0.00000000000000e+00	0.00000000000000e+00	0.00000000000000e+00	-7.18796399141354e+03	-9.42872343614844e-03	6.77733245440319e+01	0.00000000000000e+00	1
11	12	23	24	5.01085930437489e-02	0.00000000000000e+00	0.00000000000000e+00	0.00000000000000e+00	-7.18796399141345e+03	-8.57662936854844e-03	6.16485030688253e+01	0.00000000000000e+00	1
12	13	24	25	5.01073463476746e-02	0.00000000000000e+00	0.00000000000000e+00	0.00000000000000e+00	-7.18796399141354e+03	-9.60347948972262e-03	6.90294647644046e+01	0.00000000000000e+00	1
13	14	25	26	5.01057116293716e-02	0.00000000000000e+00	0.00000000000000e+00	0.00000000000000e+00	-7.18796399141354e+03	-8.48379665571030e-03	6.09812248717202e+01	0.00000000000000e+00	1
14	15	26	27	5.01048357804769e-02	0.00000000000000e+00	0.00000000000000e+00	0.00000000000000e+00	-7.18796399141345e+03	-8.56368462571103e-03	6.15554567234318e+01	0.00000000000000e+00	1
15	16	27	28	5.01050395890114e-02	0.00000000000000e+00	0.00000000000000e+00	0.00000000000000e+00	-7.18796399141345e+03	-1.01260802823697e-02	7.27859004438354e+01	0.00000000000000e+00	1
16	17	28	29	5.01061342636071e-02	0.00000000000000e+00	0.00000000000000e+00	0.00000000000000e+00	-7.18796399141354e+03	-9.04959030262428e-03	6.50481292323084e+01	0.00000000000000e+00	1
17	18	29	30	5.01075631083028e-02	0.00000000000000e+00	0.00000000000000e+00	0.00000000000000e+00	-7.18796399141345e+03	-9.06926740120596e-03	6.51895675083683e+01	0.00000000000000e+00	1
18	19	30	31	5.01073395859724e-02	0.00000000000000e+00	0.00000000000000e+00	0.00000000000000e+00	-7.18796399141345e+03	-8.62973609865507e-03	6.20302323325334e+01	0.00000000000000e+00	1
1	2	14	15	5.00756940257412e-02	0.00000000000000e+00	0.00000000000000e+00	0.00000000000000e+00	-9.14831780725342e+03	-1.33948987506415e-02	1.22540790766850e+02	0.00000000000000e+00	1
2	3	15	16	5.00723363605251e-02	0.00000000000000e+00	0.00000000000000e+00	0.00000000000000e+00	-9.14831780725342e+03	-1.46768903048657e-02	1.34268856931107e+02	0.00000000000000e+00	1
3	4	16	17	5.00699779939820e-02	0.00000000000000e+00	0.00000000000000e+00	0.00000000000000e+00	-9.14831780725342e+03	-1.45807764620228e-02	1.33389576951105e+02	0.00000000000000e+00	1
4	5	17	18	5.00704908119620e-02	0.00000000000000e+00	0.00000000000000e+00	0.00000000000000e+00	-9.14831780725342e+03	-1.48929452986998e-02	1.36245396678547e+02	0.00000000000000e+00	1
5	6	18	19	5.00753376510732e-02	0.00000000000000e+00	0.00000000000000e+00	0.00000000000000e+00	-9.14831780725327e+03	-1.32789661381719e-02	1.21480202383751e+02	0.00000000000000e+00	1
6	7	19	20	5.00856599821610e-02	0.00000000000000e+00	0.00000000000000e+00	0.00000000000000e+00	-9.14831780725327e+03	-1.10670551264792e-02	1.01244937487423e+02	0.00000000000000e+00	1
7	8	20	21	5.01015500985319e-02	0.00000000000000e+00	0.00000000000000e+00	0.00000000000000e+00	-9.14831780725342e+03	-9.68018754561446e-03	8.85574321010975e+01	0.00000000000000e+00	1
8	9	21	22	5.01178253909854e-02	0.00000000000000e+00	0.00000000000000e+00	0.00000000000000e+00	-9.14831780725327e+03	-8.79323823950329e-03	8.04433379698683e+01	0.00000000000000e+00	1
9	10	22	23	5.01279771141302e-02	0.00000000000000e+00	0.00000000000000e+00	0.00000000000000e+00	-9.14831780725327e+03	-8.36490753885519e-03	7.65248325937360e+01	0.00000000000000e+00	1
10	11	23	24	5.01311478879375e-02	0.00000000000000e+00	0.00000000000000e+00	0.00000000000000e+00	-9.14831780725342e+03	-7.68441154350515e-03	7.02994389617119e+01	0.00000000000000e+00	1
11	12	24	25	5.01305962026838e-02	0.00000000000000e+00	0.00000000000000e+00	0.00000000000000e+00	-9.14831780725327e+03	-7.44383194965729e-03	6.80985403792506e+01	0.00000000000000e+00	1
12	13	25	26	5.01289223771279e-02	0.00000000000000e+00	0.00000000000000e+00	0.00000000000000e+00	-9.14831780725342e+03	-7.39334329848397e-03	6.76366541526586e+01	0.00000000000000e+00	1
13	14	26	27	5.01271254032664e-02	0.00000000000000e+00	0.00000000000000e+00	0.00000000000000e+00	-9.14831780725342e+03	-7.95445052745198e-03	7.27698414072052e+01	0.00000000000000e+00	1
14	15	27	28	5.01267917719252e-02	0.00000000000000e+00	0.00000000000000e+00	0.00000000000000e+00	-9.14831780725342e+03	-8.10392223412344e-03	7.41372560830283e+01	0.00000000000000e+00	1
15	16	28	29	5.01278269997496e-02	0.00000000000000e+00	0.00000000000000e+00	0.00000000000000e+00	-9.14831780725342e+03	-7.58346320491525e-03	6.93759314781772e+01	0.00000000000000e+00	1
16	17	29	30	5.01300347897273e-02	0.00000000000000e+00	0.00000000000000e+00	0.00000000000000e+00	-9.14831780725342e+03	-8.03819923279788e-03	7.35360011796556e+01	0.00000000000000e+00	1
17	18	30	31	5.01328859351051e-02	0.00000000000000e+00	0.00000000000000e+00	0.00000000000000e+00	-9.14831780725342e+03	-7.42329743348286e-03	6.79106840992699e+01	0.00000000000000e+00	1
1	2	15	16	5.00920813789171e-02	0.00000000000000e+00	0.00000000000000e+00	0.00000000000000e+00	-1.14353972590669e+04	-1.09503421065897e-02	1.25221512111540e+02	0.00000000000000e+00	1
2	3	16	17	5.00884082505703e-02	0.00000000000000e+00	0.00000000000000e+00	0.00000000000000e+00	-1.14353972590669e+04	-1.24794164412233e-02	1.42707084566719e+02	0.00000000000000e+00	1
3	4	17	18	5.00870625935971e-02	0.00000000000000e+00	0.00000000000000e+00	0.00000000000000e+00	-1.14353972590669e+04	-1.18314530397701e-02	1.35297365661765e+02	0.00000000000000e+00	1
4	5	18	19	5.00902382240564e-02	0.00000000000000e+00	0.00000000000000e+00	0.00000000000000e+00	-1.14353972590669e+04	-1.13809018505966e-02	1.30145133828022e+02	0.00000000000000e+00	1
5	6	19	20	5.00988206328657e-02	0.00000000000000e+00	0.00000000000000e+00	0.00000000000000e+00	-1.14353972590671e+04	-9.74839064337371e-03	1.11476719643551e+02	0.00000000000000e+00	1
6	7	20	21	5.01123472983407e-02	0.00000000000000e+00	0.00000000000000e+00	0.00000000000000e+00	-1.14353972590671e+04	-8.43850697213885e-03	9.64976794998151e+01	0.00000000000000e+00	1
7	8	21	22	5.01286635845830e-02	0.00000000000000e+00	0.00000000000000e+00	0.00000000000000e+00	-1.14353972590669e+04	-7.22361772348214e-03	8.26049383156545e+01	0.00000000000000e+00	1
8	9	22	23	5.01427900956698e-02	0.00000000000000e+00	0.00000000000000e+00	0.00000000000000e+00	-1.14353972590671e+04	-6.65895266795817e-03	7.61477690874263e+01	0.00000000000000e+00	1
9	10	23	24	5.01504287162436e-02	0.00000000000000e+00	0.00000000000000e+00	0.00000000000000e+00	-1.14353972590671e+04	-6.03373570297454e-03	6.89981647197303e+01	0.00000000000000e+00	1
10	11	24	25	5.01526613851197e-02	0.00000000000000e+00	0.00000000000000e+00	0.00000000000000e+00	-1.14353972590669e+04	-6.11872143118241e-03	6.99700102831370e+01	0.00000000000000e+00	1
11	12	25	26	5.01523557538760e-02	0.00000000000000e+00	0.00000000000000e+00	0.00000000000000e+00	-1.14353972590669e+04	-6.29740700127689e-03	7.20133507616302e+01	0.00000000000000e+00	1
12	13	26	27	5.01509231292073e-02	0.00000000000000e+00	0.00000000000000e+00	0.00000000000000e+00	-1.14353972590669e+04	-6.17781137568979e-03	7.06457272725950e+01	0.00000000000000e+00	1
13	14	27	28	5.01498271298617e-02	0.00000000000000e+00	0.00000000000000e+00	0.00000000000000e+00	-1.14353972590669e+04	-6.06663281814905e-03	6.93743563004267e+01	0.00000000000000e+00	1
14	15	28	29	5.01503153732587e-02	0.00000000000000e+00	0.00000000000000e+00	0.00000000000000e+00	-1.14353972590669e+04	-7.32885123656702e-03	8.38083253427473e+01	0.00000000000000e+00	1
15	16	29	30	5.01523602075425e-02	0.00000000000000e+00	0.00000000000000e+00	0.00000000000000e+00	-1.14353972590669e+04	-7.05015934402292e-03	8.06213728386243e+01	0.00000000000000e+00	1
16	17	30	31	5.01559872517542e-02	0.00000000000000e+00	0.00000000000000e+00	0.00000000000000e+00	-1.14353972590669e+04	-6.30081093329806e-03	7.20522760765351e+01	0.00000000000000e+00	1
1	2	16	17	5.01111310624942e-02	0.00000000000000e+00	0.00000000000000e+00	0.00000000000000e+00	-1.40743350880824e+04	-8.87831608074892e-03	1.24956395538371e+02	0.00000000000000e+00	1
2	3	17	18	5.01088675596035e-02	0.00000000000000e+00	0.00000000000000e+00	0.00000000000000e+00	-1.40743350880824e+04	-9.23997272133729e-03	1.30046472284842e+02	0.00000000000000e+00	1
3	4	18	19	5.01104350616243e-02	0.00000000000000e+00	0.00000000000000e+00	0.00000000000000e+00	-1.40743350880824e+04	-1.00052061186854e-02	1.40816623539710e+02	0.00000000000000e+00	1
4	5	19	20	5.01171930908459e-02	0.00000000000000e+00	0.00000000000000e+00	0.00000000000000e+00	-1.40743350880824e+04	-8.26607077428509e-03	1.16339449939093e+02	0.00000000000000e+00	1
5	6	20	21	5.01279190767523e-02	0.00000000000000e+00	0.00000000000000e+00	0.00000000000000e+00	-1.40743350880821e+04	-8.16165929339692e-03	1.14869927770027e+02	0.00000000000000e+00	1
6	7	21	22	5.01395754595628e-02	0.00000000000000e+00	0.00000000000000e+00	0.00000000000000e+00	-1.40743350880821e+04	-6.99617903775827e-03	9.84665681136255e+01	0.00000000000000e+00	1
7	8	22	23	5.01517676253815e-02	0.00000000000000e+00	0.00000000000000e+00	0.00000000000000e+00	-1.40743350880824e+04	-6.22805937380105e-03	8.76557945753487e+01	0.00000000000000e+00	1
8	9	23	24	5.01630051110123e-02	0.00000000000000e+00	0.00000000000000e+00	0.00000000000000e+00	-1.40743350880821e+04	-6.11150354287862e-03	8.60153487544745e+01	0.00000000000000e+00	1
9	10	24	25	5.01704271105052e-02	0.00000000000000e+00	0.00000000000000e+00	0.00000000000000e+00	-1.40743350880821e+04	-6.01164100992003e-03	8.46098500028707e+01	0.00000000000000e+00	1
10	11	25	26	5.01739300585670e-02	0.00000000000000e+00	0.00000000000000e+00	0.00000000000000e+00	-1.40743350880824e+04	-5.23212724042972e-03	7.36387120052919e+01	0.00000000000000e+00	1
11	12	26	27	5.01746324915528e-02	0.00000000000000e+00	0.00000000000000e+00	0.00000000000000e+00	-1.40743350880824e+04	-5.71668591887923e-03	8.04585532156286e+01	0.00000000000000e+00	1
12	13	27	28	5.01743419703160e-02	0.00000000000000e+00	0.00000000000000e+00	0.00000000000000e+00	-1.40743350880821e+04	-5.93395016816578e-03	8.35164030627461e+01	0.00000000000000e+00	1
13	14	28	29	5.01741940145201e-02	0.00000000000000e+00	0.00000000000000e+00	0.00000000000000e+00	-1.40743350880824e+04	-5.24562264414171e-03	7.38286508392833e+01	0.00000000000000e+00	1
14	15	29	30	5.01756170331916e-02	0.00000000000000e+00	0.00000000000000e+00	0.00000000000000e+00	-1.40743350880824e+04	-5.50846142121898e-03	7.75279318620106e+01	0.00000000000000e+00	1
15	16	30	31	5.01788784337107e-02	0.00000000000000e+00	0.00000000000000e+00	0.00000000000000e+00	-1.40743350880821e+04	-5.63111237563794e-03	7.92541624933742e+01	0.00000000000000e+00	1
1	2	17	18	5.01355248272287e-02	0.00000000000000e+00	0.00000000000000e+00	0.00000000000000e+00	-1.70902640355283e+04	-7.50480136884229e-03	1.28259036927709e+02	0.00000000000000e+00	1
2	3	18	19	5.01369648889670e-02	0.00000000000000e+00	0.00000000000000e+00	0.00000000000000e+00	-1.70902640355281e+04	-7.05062391484015e-03	1.20497024319827e+02	0.00000000000000e+00	1
3	4	19	20	5.01422419294456e-02	0.00000000000000e+00	0.00000000000000e+00	0.00000000000000e+00	-1.70902640355283e+04	-7.10389529888333e-03	1.21407446338665e+02	0.00000000000000e+00	1
4	5	20	21	5.01501520375433e-02	0.00000000000000e+00	0.00000000000000e+00	0.00000000000000e+00	-1.70902640355283e+04	-6.46851558332278e-03	1.10548639236916e+02	0.00000000000000e+00	1
5	6	21	22	5.01567340792967e-02	0.00000000000000e+00	0.00000000000000e+00	0.00000000000000e+00	-1.70902640355283e+04	-6.69376245499292e-03	1.14398167746935e+02	0.00000000000000e+00	1
6	7	22	23	5.01616626586337e-02	0.00000000000000e+00	0.00000000000000e+00	0.00000000000000e+00	-1.70902640355281e+04	-5.45372606405058e-03	9.32056184120658e+01	0.00000000000000e+00	1
7	8	23	24	5.01696616196909e-02	0.00000000000000e+00	0.00000000000000e+00	0.00000000000000e+00	-1.70902640355283e+04	-6.20724624956043e-03	1.06083477338531e+02	0.00000000000000e+00	1
8	9	24	25	5.01807992815707e-02	0.00000000000000e+00	0.00000000000000e+00	0.00000000000000e+00	-1.70902640355283e+04	-5.37108841602912e-03	9.17933191881054e+01	0.00000000000000e+00	1
9	10	25	26	5.01904223606367e-02	0.00000000000000e+00	0.00000000000000e+00	0.00000000000000e+00	-1.70902640355288e+04	-5.31636528564718e-03	9.08580864410300e+01	0.00000000000000e+00	1
10	11	26	27	5.01959922922296e-02	0.00000000000000e+00	0.00000000000000e+00	0.00000000000000e+00	-1.70902640355286e+04	-5.54726138230904e-03	9.48041616977528e+01	0.00000000000000e+00	1
11	12	27	28	5.01985824961928e-02	0.00000000000000e+00	0.00000000000000e+00	0.00000000000000e+00	-1.70902640355283e+04	-4.95181057843762e-03	8.46277502394212e+01	0.00000000000000e+00	1
12	13	28	29	5.01996282742854e-02	0.00000000000000e+00	0.00000000000000e+00	0.00000000000000e+00	-1.70902640355288e+04	-4.94600238046126e-03	8.45284866024372e+01	0.00000000000000e+00	1
13	14	29	30	5.02004970995029e-02	0.00000000000000e+00	0.00000000000000e+00	0.00000000000000e+00	-1.70902640355286e+04	-5.07292767043664e-03	8.66976733209012e+01	0.00000000000000e+00	1
14	15	30	31	5.02029978766732e-02	0.00000000000000e+00	0.00000000000000e+00	0.00000000000000e+00	-1.70902640355283e+04	-5.33283428886322e-03	9.11395460543915e+01	0.00000000000000e+00	1
1	2	18	19	5.01691708524725e-02	0.00000000000000e+00	0.00000000000000e+00	0.00000000000000e+00	-2.05083168426343e+04	-5.71735678499556e-03	1.17253364449074e+02	0.00000000000000e+00	1
2	3	19	20	5.01750789229364e-02	0.00000000000000e+00	0.00000000000000e+00	0.00000000000000e+00	-2.05083168426343e+04	-5.65067507434288e-03	1.15885834799400e+02	0.00000000000000e+00	1
3	4	20	21	5.01806484630236e-02	0.00000000000000e+00	0.00000000000000e+00	0.00000000000000e+00	-2.05083168426339e+04	-5.53456265455642e-03	1.13504564505052e+02	0.00000000000000e+00	1
4	5	21	22	5.01819666452125e-02	0.00000000000000e+00	0.00000000000000e+00	0.00000000000000e+00	-2.05083168426343e+04	-5.58141808602672e-03	1.14465490539445e+02	0.00000000000000e+00	1
5	6	22	23	5.01792148083469e-02	0.00000000000000e+00	0.00000000000000e+00	0.00000000000000e+00	-2.05083168426347e+04	-6.04376672761342e-03	1.23947482972869e+02	0.00000000000000e+00	1
6	7	23	24	5.01782181425396e-02	0.00000000000000e+00	0.00000000000000e+00	0.00000000000000e+00	-2.05083168426347e+04	-5.50681570142455e-03	1.12935521198810e+02	0.00000000000000e+00	1
7	8	24	25	5.01854011079417e-02	0.00000000000000e+00	0.00000000000000e+00	0.00000000000000e+00	-2.05083168426343e+04	-5.77785216144857e-03	1.18494022796887e+02	0.00000000000000e+00	1
8	9	25	26	5.01989648154565e-02	0.00000000000000e+00	0.00000000000000e+00	0.00000000000000e+00	-2.05083168426339e+04	-4.83543898641426e-03	9.91667148066084e+01	0.00000000000000e+00	1
9	10	26	27	5.02115888309306e-02	0.00000000000000e+00	0.00000000000000e+00	0.00000000000000e+00	-2.05083168426336e+04	-4.70097367772934e-03	9.64090576517538e+01	0.00000000000000e+00	1
10	11	27	28	5.02200334274191e-02	0.00000000000000e+00	0.00000000000000e+00	0.00000000000000e+00	-2.05083168426343e+04	-4.62641698561878e-03	9.48800253872152e+01	0.00000000000000e+00	1
11	12	28	29	5.02246537256116e-02	0.00000000000000e+00	0.00000000000000e+00	0.00000000000000e+00	-2.05083168426339e+04	-4.55508048393742e-03	9.34170338082870e+01	0.00000000000000e+00	1
12	13	29	30	5.02270620025841e-02	0.00000000000000e+00	0.00000000000000e+00	0.00000000000000e+00	-2.05083168426336e+04	-4.69501959945615e-03	9.62869495280213e+01	0.00000000000000e+00	1
13	14	30	31	5.02290472401302e-02	0.00000000000000e+00	0.00000000000000e+00	0.00000000000000e+00	-2.05083168426343e+04	-4.25263771352607e-03	8.72144416459285e+01	0.00000000000000e+00	1
1	2	19	20	5.02146602882847e-02	0.00000000000000e+00	0.00000000000000e+00	0.00000000000000e+00	-2.43536262506271e+04	-4.92967554111020e-03	1.20055475665056e+02	0.00000000000000e+00	1
2	3	20	21	5.02205213112833e-02	0.00000000000000e+00	0.00000000000000e+00	0.00000000000000e+00	-2.43536262506276e+04	-4.50891081959128e-03	1.09808328897737e+02	0.00000000000000e+00	1
3	4	21	22	5.02168438572662e-02	0.00000000000000e+00	0.00000000000000e+00	0.00000000000000e+00	-2.43536262506276e+04	-4.67016038608765e-03	1.13735340573266e+02	0.00000000000000e+00	1
4	5	22	23	5.02059713900436e-02	0.00000000000000e+00	0.00000000000000e+00	0.00000000000000e+00	-2.43536262506271e+04	-5.44179688290307e-03	1.32527487418049e+02	0.00000000000000e+00	1
5	6	23	24	5.01956172998329e-02	0.00000000000000e+00	0.00000000000000e+00	0.00000000000000e+00	-2.43536262506266e+04	-5.49117197049251e-03	1.33729949847292e+02	0.00000000000000e+00	1
6	7	24	25	5.01928264263055e-02	0.00000000000000e+00	0.00000000000000e+00	0.00000000000000e+00	-2.43536262506271e+04	-5.47807373478469e-03	1.33410960310323e+02	0.00000000000000e+00	1
7	8	25	26	5.02018619148896e-02	0.00000000000000e+00	0.00000000000000e+00	0.00000000000000e+00	-2.43536262506282e+04	-5.22022785936345e-03	1.27131478230054e+02	0.00000000000000e+00	1
8	9	26	27	5.02186829109669e-02	0.00000000000000e+00	0.00000000000000e+00	0.00000000000000e+00	-2.43536262506276e+04	-4.56460038787328e-03	1.11164571829736e+02	0.00000000000000e+00	1
9	10	27	28	5.02350158566781e-02	0.00000000000000e+00	0.00000000000000e+00	0.00000000000000e+00	-2.43536262506271e+04	-4.11113105581310e-03	1.00120949200618e+02	0.00000000000000e+00	1
10	11	28	29	5.02464427047139e-02	0.00000000000000e+00	0.00000000000000e+00	0.00000000000000e+00	-2.43536262506282e+04	-4.44745390126212e-03	1.08311630078236e+02	0.00000000000000e+00	1
11	12	29	30	5.02530962626761e-02	0.00000000000000e+00	0.00000000000000e+00	0.00000000000000e+00	-2.43536262506276e+04	-3.90528358634190e-03	9.51078168644814e+01	0.00000000000000e+00	1
12	13	30	31	5.02569323930549e-02	0.00000000000000e+00	0.00000000000000e+00	0.00000000000000e+00	-2.43536262506271e+04	-4.13138473009617e-03	1.00614199614310e+02	0.00000000000000e+00	1
1	2	20	21	5.02681843085197e-02	0.00000000000000e+00	0.00000000000000e+00	0.00000000000000e+00	-2.86513250007400e+04	-3.57448093566082e-03	1.02413614996567e+02	0.00000000000000e+00	1
2	3	21	22	5.02623270905425e-02	0.00000000000000e+00	0.00000000000000e+00	0.00000000000000e+00	-2.86513250007400e+04	-3.85019191514927e-03	1.10313099876163e+02	0.00000000000000e+00	1
3	4	22	23	5.02432955696993e-02	0.00000000000000e+00	0.00000000000000e+00	0.00000000000000e+00	-2.86513250007400e+04	-4.07073778276926e-03	1.16632031206914e+02	0.00000000000000e+00	1
4	5	23	24	5.02230732824573e-02	0.00000000000000e+00	0.00000000000000e+00	0.00000000000000e+00	-2.86513250007400e+04	-4.46513690878223e-03	1.27932088746319e+02	0.00000000000000e+00	1
5	6	24	25	5.02101439029184e-02	0.00000000000000e+00	0.00000000000000e+00	0.00000000000000e+00	-2.86513250007408e+04	-4.97573384853033e-03	1.42561367611429e+02	0.00000000000000e+00	1
6	7	25	26	5.02084343249553e-02	0.00000000000000e+00	0.00000000000000e+00	0.00000000000000e+00	-2.86513250007393e+04	-4.43615407240682e-03	1.27101692081881e+02	0.00000000000000e+00	1
7	8	26	27	5.02201727188287e-02	0.00000000000000e+00	0.00000000000000e+00	0.00000000000000e+00	-2.86513250007386e+04	-4.38272800848767e-03	1.25570964561020e+02	0.00000000000000e+00	1
8	9	27	28	5.02408564855465e-02	0.00000000000000e+00	0.00000000000000e+00	0.00000000000000e+00	-2.86513250007408e+04	-4.12768294295649e-03	1.18263585498660e+02	0.00000000000000e+00	1
9	10	28	29	5.02609968619249e-02	0.00000000000000e+00	0.00000000000000e+00	0.00000000000000e+00	-2.86513250007393e+04	-4.13764097234835e-03	1.18548896235128e+02	0.00000000000000e+00	1
10	11	29	30	5.02754147475979e-02	0.00000000000000e+00	0.00000000000000e+00	0.00000000000000e+00	-2.86513250007386e+04	-3.63478740375585e-03	1.04141475213600e+02	0.00000000000000e+00	1
11	12	30	31	5.02841537299255e-02	0.00000000000000e+00	0.00000000000000e+00	0.00000000000000e+00	-2.86513250007408e+04	-3.30795352682624e-03	9.47772515844452e+01	0.00000000000000e+00	1
1	2	21	22	5.03161959465263e-02	0.00000000000000e+00	0.00000000000000e+00	0.00000000000000e+00	-3.34265458341953e+04	-3.08928866820698e-03	1.03264249262881e+02	0.00000000000000e+00	1
2	3	22	23	5.02919004324600e-02	0.00000000000000e+00	0.00000000000000e+00	0.00000000000000e+00	-3.34265458341953e+04	-3.47878856782590e-03	1.16283885509907e+02	0.00000000000000e+00	1
3	4	23	24	5.02616959718595e-02	0.00000000000000e+00	0.00000000000000e+00	0.00000000000000e+00	-3.34265458341963e+04	-3.97836594531471e-03	1.32983031616268e+02	0.00000000000000e+00	1
4	5	24	25	5.02382894513097e-02	0.00000000000000e+00	0.00000000000000e+00	0.00000000000000e+00	-3.34265458341953e+04	-4.01147064624109e-03	1.34089607419107e+02	0.00000000000000e+00	1
5	6	25	26	5.02259571895656e-02	0.00000000000000e+00	0.00000000000000e+00	0.00000000000000e+00	-3.34265458341953e+04	-4.64853683732193e-03	1.55384529654687e+02	0.00000000000000e+00	1
6	7	26	27	5.02261457366472e-02	0.00000000000000e+00	0.00000000000000e+00	0.00000000000000e+00	-3.34265458341973e+04	-4.48609843666484e-03	1.49954775009898e+02	0.00000000000000e+00	1
7	8	27	28	5.02410440630721e-02	0.00000000000000e+00	0.00000000000000e+00	0.00000000000000e+00	-3.34265458341953e+04	-4.11082958542292e-03	1.37410833553705e+02	0.00000000000000e+00	1
8	9	28	29	5.02656746096240e-02	0.00000000000000e+00	0.00000000000000e+00	0.00000000000000e+00	-3.34265458341953e+04	-3.65731664484843e-03	1.22251462459192e+02	0.00000000000000e+00	1
9	10	29	30	5.02896604141644e-02	0.00000000000000e+00	0.00000000000000e+00	0.00000000000000e+00	-3.34265458341973e+04	-3.55932820993034e-03	1.18976047548188e+02	0.00000000000000e+00	1
10	11	30	31	5.03071306779524e-02	0.00000000000000e+00	0.00000000000000e+00	0.00000000000000e+00	-3.34265458341953e+04	-3.42080537470474e-03	1.14345707647430e+02	0.00000000000000e+00	1
1	2	22	23	5.03489871775572e-02	0.00000000000000e+00	0.00000000000000e+00	0.00000000000000e+00	-3.87044214922249e+04	-2.68558824041278e-03	1.03944139211499e+02	0.00000000000000e+00	1
2	3	23	24	5.03119572295748e-02	0.00000000000000e+00	0.00000000000000e+00	0.00000000000000e+00	-3.87044214922236e+04	-3.39696112636405e-03	1.31477415227493e+02	0.00000000000000e+00	1
3	4	24	25	5.02781515188922e-02	0.00000000000000e+00	0.00000000000000e+00	0.00000000000000e+00	-3.87044214922236e+04	-3.59149231188951e-03	1.39006632225452e+02	0.00000000000000e+00	1
4	5	25	26	5.02551450286628e-02	0.00000000000000e+00	0.00000000000000e+00	0.00000000000000e+00	-3.87044214922262e+04	-4.33801306886246e-03	1.67900286256038e+02	0.00000000000000e+00	1
5	6	26	27	5.02441846304193e-02	0.00000000000000e+00	0.00000000000000e+00	0.00000000000000e+00	-3.87044214922236e+04	-4.39463228245450e-03	1.70091700163452e+02	0.00000000000000e+00	1
6	7	27	28	5.02465393096099e-02	0.00000000000000e+00	0.00000000000000e+00	0.00000000000000e+00	-3.87044214922249e+04	-4.04061387890861e-03	1.56389622656612e+02	0.00000000000000e+00	1
7	8	28	29	5.02645764886670e-02	0.00000000000000e+00	0.00000000000000e+00	0.00000000000000e+00	-3.87044214922262e+04	-3.95477557997464e-03	1.53067300954502e+02	0.00000000000000e+00	1
8	9	29	30	5.02931979586102e-02	0.00000000000000e+00	0.00000000000000e+00	0.00000000000000e+00	-3.87044214922236e+04	-3.61703444249743e-03	1.39995225614310e+02	0.00000000000000e+00	1
9	10	30	31	5.03211057437707e-02	0.00000000000000e+00	0.00000000000000e+00	0.00000000000000e+00	-3.87044214922249e+04	-3.03840094412270e-03	1.17599550803699e+02	0.00000000000000e+00	1
1	2	23	24	5.03706230434098e-02	0.00000000000000e+00	0.00000000000000e+00	0.00000000000000e+00	-4.45100847160644e+04	-2.81692908425243e-03	1.25381752179221e+02	0.00000000000000e+00	1
2	3	24	25	5.03300213344147e-02	0.00000000000000e+00	0.00000000000000e+00	0.00000000000000e+00	-4.45100847160627e+04	-3.13109358820178e-03	1.39365240864782e+02	0.00000000000000e+00	1
3	4	25	26	5.02967186226076e-02	0.00000000000000e+00	0.00000000000000e+00	0.00000000000000e+00	-4.45100847160627e+04	-3.56517846149163e-03	1.58686395348875e+02	0.00000000000000e+00	1
4	5	26	27	5.02748362229322e-02	0.00000000000000e+00	0.00000000000000e+00	0.00000000000000e+00	-4.45100847160627e+04	-3.63054903970696e-03	1.61596045323177e+02	0.00000000000000e+00	1
5	6	27	28	5.02653475752741e-02	0.00000000000000e+00	0.00000000000000e+00	0.00000000000000e+00	-4.45100847160610e+04	-3.51073881673181e-03	1.56263282148697e+02	0.00000000000000e+00	1
6	7	28	29	5.02696627596584e-02	0.00000000000000e+00	0.00000000000000e+00	0.00000000000000e+00	-4.45100847160610e+04	-3.69800478581435e-03	1.64598506296996e+02	0.00000000000000e+00	1
7	8	29	30	5.02907903497295e-02	0.00000000000000e+00	0.00000000000000e+00	0.00000000000000e+00	-4.45100847160627e+04	-3.30825262907639e-03	1.47250604782327e+02	0.00000000000000e+00	1
8	9	30	31	5.03234556956326e-02	0.00000000000000e+00	0.00000000000000e+00	0.00000000000000e+00	-4.45100847160610e+04	-2.91648925313279e-03	1.29813183730422e+02	0.00000000000000e+00	1
1	2	24	25	5.03902824674287e-02	0.00000000000000e+00	0.00000000000000e+00	0.00000000000000e+00	-5.08686682469235e+04	-2.48239933476165e-03	1.26276348216374e+02	0.00000000000000e+00	1
2	3	25	26	5.03508126882995e-02	0.00000000000000e+00	0.00000000000000e+00	0.00000000000000e+00	-5.08686682469235e+04	-2.88339365209154e-03	1.46674395113530e+02	0.00000000000000e+00	1
3	4	26	27	5.03186766031451e-02	0.00000000000000e+00	0.00000000000000e+00	0.00000000000000e+00	-5.08686682469235e+04	-3.13669421505631e-03	1.59559457417744e+02	0.00000000000000e+00	1
4	5	27	28	5.02978564116659e-02	0.00000000000000e+00	0.00000000000000e+00	0.00000000000000e+00	-5.08686682469235e+04	-3.36322971558159e-03	1.71083016640114e+02	0.00000000000000e+00	1
5	6	28	29	5.02894426335660e-02	0.00000000000000e+00	0.00000000000000e+00	0.00000000000000e+00	-5.08686682469257e+04	-3.41296340270104e-03	1.73612903070898e+02	0.00000000000000e+00	1
6	7	29	30	5.02954996225171e-02	0.00000000000000e+00	0.00000000000000e+00	0.00000000000000e+00	-5.08686682469235e+04	-3.39289606230494e-03	1.72592104189683e+02	0.00000000000000e+00	1
7	8	30	31	5.03196465250645e-02	0.00000000000000e+00	0.00000000000000e+00	0.00000000000000e+00	-5.08686682469235e+04	-3.12399345916821e-03	1.58913386879986e+02	0.00000000000000e+00	1
1	2	25	26	5.04134340460363e-02	0.00000000000000e+00	0.00000000000000e+00	0.00000000000000e+00	-5.78053048260513e+04	-2.32687754588401e-03	1.34505865832719e+02	0.00000000000000e+00	1
2	3	26	27	5.03757079511436e-02	0.00000000000000e+00	0.00000000000000e+00	0.00000000000000e+00	-5.78053048260513e+04	-2.70281109327659e-03	1.56236819134086e+02	0.00000000000000e+00	1
3	4	27	28	5.03445193427906e-02	0.00000000000000e+00	0.00000000000000e+00	0.00000000000000e+00	-5.78053048260513e+04	-2.63693346560513e-03	1.52428742785320e+02	0.00000000000000e+00	1
4	5	28	29	5.03241565145583e-02	0.00000000000000e+00	0.00000000000000e+00	0.00000000000000e+00	-5.78053048260513e+04	-3.05045825083220e-03	1.76332669048498e+02	0.00000000000000e+00	1
5	6	29	30	5.03164274741083e-02	0.00000000000000e+00	0.00000000000000e+00	0.00000000000000e+00	-5.78053048260513e+04	-3.11293824809098e-03	1.79944344335573e+02	0.00000000000000e+00	1
6	7	30	31	5.03239693745217e-02	0.00000000000000e+00	0.00000000000000e+00	0.00000000000000e+00	-5.78053048260542e+04	-2.84228744442445e-03	1.64299292128222e+02	0.00000000000000e+00	1
1	2	26	27	5.04415257096082e-02	0.00000000000000e+00	0.00000000000000e+00	0.00000000000000e+00	-6.53451271946741e+04	-2.09871701824359e-03	1.37140930502754e+02	0.00000000000000e+00	1
2	3	27	28	5.04052046318782e-02	0.00000000000000e+00	0.00000000000000e+00	0.00000000000000e+00	-6.53451271946778e+04	-2.46734084492959e-03	1.61228701344548e+02	0.00000000000000e+00	1
3	4	28	29	5.03741370928881e-02	0.00000000000000e+00	0.00000000000000e+00	0.00000000000000e+00	-6.53451271946741e+04	-2.70314407269198e-03	1.76637293255587e+02	0.00000000000000e+00	1
4	5	29	30	5.03536616043250e-02	0.00000000000000e+00	0.00000000000000e+00	0.00000000000000e+00	-6.53451271946741e+04	-2.79141227175998e-03	1.82405189950930e+02	0.00000000000000e+00	1
5	6	30	31	5.03461850454570e-02	0.00000000000000e+00	0.00000000000000e+00	0.00000000000000e+00	-6.53451271946741e+04	-2.85650567527879e-03	1.86658726683401e+02	0.00000000000000e+00	1
1	2	27	28	5.04750430748581e-02	0.00000000000000e+00	0.00000000000000e+00	0.00000000000000e+00	-7.35132680939932e+04	-2.21831014849999e-03	1.63075228662306e+02	0.00000000000000e+00	1
2	3	28	29	5.04391113844854e-02	0.00000000000000e+00	0.00000000000000e+00	0.00000000000000e+00	-7.35132680939979e+04	-2.69396203139308e-03	1.98041953048851e+02	0.00000000000000e+00	1
3	4	29	30	5.04074115528492e-02	0.00000000000000e+00	0.00000000000000e+00	0.00000000000000e+00	-7.35132680940026e+04	-2.39620651082828e-03	1.76152971639114e+02	0.00000000000000e+00	1
4	5	30	31	5.03862175433321e-02	0.00000000000000e+00	0.00000000000000e+00	0.00000000000000e+00	-7.35132680939932e+04	-2.54564839629473e-03	1.87138933029858e+02	0.00000000000000e+00	1
1	2	28	29	5.05136873651247e-02	0.00000000000000e+00	0.00000000000000e+00	0.00000000000000e+00	-8.23348602652768e+04	-1.92072393585759e-03	1.58142536867007e+02	0.00000000000000e+00	1
2	3	29	30	5.04772499892562e-02	0.00000000000000e+00	0.00000000000000e+00	0.00000000000000e+00	-8.23348602652651e+04	-2.18783633911866e-03	1.80135199264604e+02	0.00000000000000e+00	1
3	4	30	31	5.04441446780954e-02	0.00000000000000e+00	0.00000000000000e+00	0.00000000000000e+00	-8.23348602652709e+04	-2.28295543192956e-03	1.87966816479762e+02	0.00000000000000e+00	1
1	2	29	30	5.05572023052791e-02	0.00000000000000e+00	0.00000000000000e+00	0.00000000000000e+00	-9.18350364497422e+04	-1.69608343065667e-03	1.55759883676159e+02	0.00000000000000e+00	1
2	3	30	31	5.05193678732794e-02	0.00000000000000e+00	0.00000000000000e+00	0.00000000000000e+00	-9.18350364497568e+04	-1.86164444117462e-03	1.70964185111758e+02	0.00000000000000e+00	1
1	2	30	31	5.06052683179885e-02	0.00000000000000e+00	0.00000000000000e+00	0.00000000000000e+00	-1.02038929388591e+05	-1.55974222345597e-03	1.59154426603627e+02	0.00000000000000e+00	1
0
