31
# x y z
-20	0	0
-18.666666666667	0	0
-17.333333333333	0	0
-16	0	0
-14.666666666667	0	0
-13.333333333333	0	0
-12	0	0
-10.666666666667	0	0
-9.3333333333333	0	0
-8	0	0
-6.6666666666667	0	0
-5.3333333333333	0	0
-4	0	0
-2.6666666666667	0	0
-1.3333333333333	0	0
0	0	0
1.3333333333333	0	0
2.6666666666667	0	0
4	0	0
5.3333333333333	0	0
6.6666666666667	0	0
8	0	0
9.3333333333333	0	0
10.666666666667	0	0
12	0	0
13.333333333333	0	0
14.666666666667	0	0
16	0	0
17.333333333333	0	0
18.666666666667	0	0
20	0	0
406
# a b m n err i ip iperr k r rhoa u valid 
1	2	3	4	7.00002495891728e-02	0.00000000000000e+00	0.00000000000000e+00	0.00000000000000e+00	-2.51327412287184e+01	-4.09167499002386e+00	1.02835008716289e+02	0.00000000000000e+00	1
2	3	4	5	7.00002495314614e-02	0.00000000000000e+00	0.00000000000000e+00	0.00000000000000e+00	-2.51327412287183e+01	-4.02688187604550e+00	1.01206580149267e+02	0.00000000000000e+00	1
3	4	5	6	7.00002495378299e-02	0.00000000000000e+00	0.00000000000000e+00	0.00000000000000e+00	-2.51327412287183e+01	-3.62311138767024e+00	9.10587209491386e+01	0.00000000000000e+00	1
4	5	6	7	7.00002494925602e-02	0.00000000000000e+00	0.00000000000000e+00	0.00000000000000e+00	-2.51327412287184e+01	-3.52122666991424e+00	8.84980787026162e+01	0.00000000000000e+00	1
5	6	7	8	7.00002494574132e-02	0.00000000000000e+00	0.00000000000000e+00	0.00000000000000e+00	-2.51327412287184e+01	-4.26697088717218e+00	1.07240675137773e+02	0.00000000000000e+00	1
6	7	8	9	7.00002494492662e-02	0.00000000000000e+00	0.00000000000000e+00	0.00000000000000e+00	-2.51327412287183e+01	-3.81989434272483e+00	9.60044160367480e+01	0.00000000000000e+00	1
7	8	9	10	7.00002493139060e-02	0.00000000000000e+00	0.00000000000000e+00	0.00000000000000e+00	-2.51327412287184e+01	-4.09841267240192e+00	1.03004345143977e+02	0.00000000000000e+00	1
8	9	10	11	7.00002489038494e-02	0.00000000000000e+00	0.00000000000000e+00	0.00000000000000e+00	-2.51327412287184e+01	-4.48443856263587e+00	1.12706233950813e+02	0.00000000000000e+00	1
9	10	11	12	7.00002479509246e-02	0.00000000000000e+00	0.00000000000000e+00	0.00000000000000e+00	-2.51327412287183e+01	-3.92297384235866e+00	9.85950864270309e+01	0.00000000000000e+00	1
10	11	12	13	7.00002467992358e-02	0.00000000000000e+00	0.00000000000000e+00	0.00000000000000e+00	-2.51327412287184e+01	-4.12184970216054e+00	1.03593381948071e+02	0.00000000000000e+00	1
11	12	13	14	7.00002501313537e-02	0.00000000000000e+00	0.00000000000000e+00	0.00000000000000e+00	-2.51327412287184e+01	-4.35131836589249e+00	1.09360558493746e+02	0.00000000000000e+00	1
12	13	14	15	7.00002537676721e-02	0.00000000000000e+00	0.00000000000000e+00	0.00000000000000e+00	-2.51327412287183e+01	-3.92090815019885e+00	9.85431699205204e+01	0.00000000000000e+00	1
13	14	15	16	7.00002532721140e-02	0.00000000000000e+00	0.00000000000000e+00	0.00000000000000e+00	-2.51327412287183e+01	-4.00847970428558e+00	1.00744083128379e+02	0.00000000000000e+00	1
14	15	16	17	7.00002520999911e-02	0.00000000000000e+00	0.00000000000000e+00	0.00000000000000e+00	-2.51327412287184e+01	-3.67826271062175e+00	9.24448248773010e+01	0.00000000000000e+00	1
15	16	17	18	7.00002525439867e-02	0.00000000000000e+00	0.00000000000000e+00	0.00000000000000e+00	-2.51327412287183e+01	-3.79968996642491e+00	9.54966246755147e+01	0.00000000000000e+00	1
16	17	18	19	7.00002533564919e-02	0.00000000000000e+00	0.00000000000000e+00	0.00000000000000e+00	-2.51327412287183e+01	-4.00921615233340e+00	1.00762592086593e+02	0.00000000000000e+00	1
17	18	19	20	7.00002535353455e-02	0.00000000000000e+00	0.00000000000000e+00	0.00000000000000e+00	-2.51327412287184e+01	-3.63660989908805e+00	9.13979755435758e+01	0.00000000000000e+00	1
18	19	20	21	7.00002501309720e-02	0.00000000000000e+00	0.00000000000000e+00	0.00000000000000e+00	-2.51327412287183e+01	-3.93854348375386e+00	9.89863941952403e+01	0.00000000000000e+00	1
19	20	21	22	7.00002468844610e-02	0.00000000000000e+00	0.00000000000000e+00	0.00000000000000e+00	-2.51327412287183e+01	-4.01735528055547e+00	1.00967150690026e+02	0.00000000000000e+00	1
20	21	22	23	7.00002479724335e-02	0.00000000000000e+00	0.00000000000000e+00	0.00000000000000e+00	-2.51327412287184e+01	-3.96709275170188e+00	9.97039155588480e+01	0.00000000000000e+00	1
21	22	23	24	7.00002489348065e-02	0.00000000000000e+00	0.00000000000000e+00	0.00000000000000e+00	-2.51327412287183e+01	-4.30117551347078e+00	1.08100331159361e+02	0.00000000000000e+00	1
22	23	24	25	7.00002492573900e-02	0.00000000000000e+00	0.00000000000000e+00	0.00000000000000e+00	-2.51327412287183e+01	-3.58431716235292e+00	9.00837157230697e+01	0.00000000000000e+00	1
23	24	25	26	7.00002494437671e-02	0.00000000000000e+00	0.00000000000000e+00	0.00000000000000e+00	-2.51327412287185e+01	-3.99797746025537e+00	1.00480132946847e+02	0.00000000000000e+00	1
24	25	26	27	7.00002495137352e-02	0.00000000000000e+00	0.00000000000000e+00	0.00000000000000e+00	-2.51327412287181e+01	-3.86884046116602e+00	9.72345661656803e+01	0.00000000000000e+00	1
25	26	27	28	7.00002495076022e-02	0.00000000000000e+00	0.00000000000000e+00	0.00000000000000e+00	-2.51327412287184e+01	-3.65296088763060e+00	9.18089207074496e+01	0.00000000000000e+00	1
26	27	28	29	7.00002495010681e-02	0.00000000000000e+00	0.00000000000000e+00	0.00000000000000e+00	-2.51327412287184e+01	-4.37538666561765e+00	1.09965460842554e+02	0.00000000000000e+00	1
27	28	29	30	7.00002495536451e-02	0.00000000000000e+00	0.00000000000000e+00	0.00000000000000e+00	-2.51327412287181e+01	-3.99366933289343e+00	1.00371857896678e+02	0.00000000000000e+00	1
28	29	30	31	7.00002495440329e-02	0.00000000000000e+00	0.00000000000000e+00	0.00000000000000e+00	-2.51327412287184e+01	-4.19201078128427e+00	1.05356722194015e+02	0.00000000000000e+00	1
1	2	4	5	7.00010042517497e-02	0.00000000000000e+00	0.00000000000000e+00	0.00000000000000e+00	-1.00530964914874e+02	-1.07789106441391e+00	1.08361428778650e+02	0.00000000000000e+00	1
2	3	5	6	7.00010037719799e-02	0.00000000000000e+00	0.00000000000000e+00	0.00000000000000e+00	-1.00530964914873e+02	-1.06073534722797e+00	1.06636747976141e+02	0.00000000000000e+00	1
3	4	6	7	7.00010034868122e-02	0.00000000000000e+00	0.00000000000000e+00	0.00000000000000e+00	-1.00530964914873e+02	-9.87026855310463e-01	9.92267621612538e+01	0.00000000000000e+00	1
4	5	7	8	7.00010027785596e-02	0.00000000000000e+00	0.00000000000000e+00	0.00000000000000e+00	-1.00530964914874e+02	-9.67022664152315e-01	9.72157215217840e+01	0.00000000000000e+00	1
5	6	8	9	7.00010024756819e-02	0.00000000000000e+00	0.00000000000000e+00	0.00000000000000e+00	-1.00530964914873e+02	-8.98920374485560e-01	9.03693326286725e+01	0.00000000000000e+00	1
6	7	9	10	7.00010014817198e-02	0.00000000000000e+00	0.00000000000000e+00	0.00000000000000e+00	-1.00530964914873e+02	-8.77876300308886e-01	8.82537515459513e+01	0.00000000000000e+00	1
7	8	10	11	7.00009977071494e-02	0.00000000000000e+00	0.00000000000000e+00	0.00000000000000e+00	-1.00530964914874e+02	-9.93356159284886e-01	9.98630531970425e+01	0.00000000000000e+00	1
8	9	11	12	7.00009893163817e-02	0.00000000000000e+00	0.00000000000000e+00	0.00000000000000e+00	-1.00530964914873e+02	-1.10707857897591e+00	1.11295677781035e+02	0.00000000000000e+00	1
9	10	12	13	7.00009824462925e-02	0.00000000000000e+00	0.00000000000000e+00	0.00000000000000e+00	-1.00530964914873e+02	-1.14647057574471e+00	1.15255793226126e+02	0.00000000000000e+00	1
10	11	13	14	7.00010218885969e-02	0.00000000000000e+00	0.00000000000000e+00	0.00000000000000e+00	-1.00530964914874e+02	-9.21647248773936e-01	9.26540872303823e+01	0.00000000000000e+00	1
11	12	14	15	7.00010992424664e-02	0.00000000000000e+00	0.00000000000000e+00	0.00000000000000e+00	-1.00530964914873e+02	-8.61799000915991e-01	8.66374851247582e+01	0.00000000000000e+00	1
12	13	15	16	7.00011463042337e-02	0.00000000000000e+00	0.00000000000000e+00	0.00000000000000e+00	-1.00530964914873e+02	-8.19394852657312e-01	8.23745551839199e+01	0.00000000000000e+00	1
13	14	16	17	7.00011539564517e-02	0.00000000000000e+00	0.00000000000000e+00	0.00000000000000e+00	-1.00530964914874e+02	-7.99930148048883e-01	8.04177496478519e+01	0.00000000000000e+00	1
14	15	17	18	7.00011533651410e-02	0.00000000000000e+00	0.00000000000000e+00	0.00000000000000e+00	-1.00530964914874e+02	-8.66065545656438e-01	8.70664049843682e+01	0.00000000000000e+00	1
15	16	18	19	7.00011575510667e-02	0.00000000000000e+00	0.00000000000000e+00	0.00000000000000e+00	-1.00530964914873e+02	-9.70532068298262e-01	9.75685253068517e+01	0.00000000000000e+00	1
16	17	19	20	7.00011440279625e-02	0.00000000000000e+00	0.00000000000000e+00	0.00000000000000e+00	-1.00530964914874e+02	-8.07094032909542e-01	8.11379419054330e+01	0.00000000000000e+00	1
17	18	20	21	7.00010974123167e-02	0.00000000000000e+00	0.00000000000000e+00	0.00000000000000e+00	-1.00530964914874e+02	-9.53181239065817e-01	9.58242297020414e+01	0.00000000000000e+00	1
18	19	21	22	7.00010218414691e-02	0.00000000000000e+00	0.00000000000000e+00	0.00000000000000e+00	-1.00530964914873e+02	-1.03709212600270e+00	1.04259872132669e+02	0.00000000000000e+00	1
19	20	22	23	7.00009834623296e-02	0.00000000000000e+00	0.00000000000000e+00	0.00000000000000e+00	-1.00530964914874e+02	-9.21381838651601e-01	9.26274052946859e+01	0.00000000000000e+00	1
20	21	23	24	7.00009898205349e-02	0.00000000000000e+00	0.00000000000000e+00	0.00000000000000e+00	-1.00530964914874e+02	-1.09924575605962e+00	1.10508236535254e+02	0.00000000000000e+00	1
21	22	24	25	7.00009975249445e-02	0.00000000000000e+00	0.00000000000000e+00	0.00000000000000e+00	-1.00530964914873e+02	-1.10124835942642e+00	1.10709560184059e+02	0.00000000000000e+00	1
22	23	25	26	7.00010010232258e-02	0.00000000000000e+00	0.00000000000000e+00	0.00000000000000e+00	-1.00530964914874e+02	-8.64138298331681e-01	8.68726569511810e+01	0.00000000000000e+00	1
23	24	26	27	7.00010029883070e-02	0.00000000000000e+00	0.00000000000000e+00	0.00000000000000e+00	-1.00530964914873e+02	-1.02077375535935e+00	1.02619370586055e+02	0.00000000000000e+00	1
24	25	27	28	7.00010033581272e-02	0.00000000000000e+00	0.00000000000000e+00	0.00000000000000e+00	-1.00530964914873e+02	-9.39287593673794e-01	9.44274881245957e+01	0.00000000000000e+00	1
25	26	28	29	7.00010032945871e-02	0.00000000000000e+00	0.00000000000000e+00	0.00000000000000e+00	-1.00530964914874e+02	-1.06558114019921e+00	1.07123900219318e+02	0.00000000000000e+00	1
26	27	29	30	7.00010036788867e-02	0.00000000000000e+00	0.00000000000000e+00	0.00000000000000e+00	-1.00530964914873e+02	-9.68076485531701e-01	9.73216632019010e+01	0.00000000000000e+00	1
27	28	30	31	7.00010039941704e-02	0.00000000000000e+00	0.00000000000000e+00	0.00000000000000e+00	-1.00530964914873e+02	-9.63243878713104e-01	9.68358365753732e+01	0.00000000000000e+00	1
1	2	5	6	7.00026104758809e-02	0.00000000000000e+00	0.00000000000000e+00	0.00000000000000e+00	-2.51327412287183e+02	-3.69796999476807e-01	9.29401229500707e+01	0.00000000000000e+00	1
2	3	6	7	7.00026078457803e-02	0.00000000000000e+00	0.00000000000000e+00	0.00000000000000e+00	-2.51327412287183e+02	-3.73221599476930e-01	9.38008188062204e+01	0.00000000000000e+00	1
3	4	7	8	7.00026048687341e-02	0.00000000000000e+00	0.00000000000000e+00	0.00000000000000e+00	-2.51327412287184e+02	-3.87658994608435e-01	9.74293319647894e+01	0.00000000000000e+00	1
4	5	8	9	7.00026018445502e-02	0.00000000000000e+00	0.00000000000000e+00	0.00000000000000e+00	-2.51327412287183e+02	-3.57536962876894e-01	8.98588396768685e+01	0.00000000000000e+00	1
5	6	9	10	7.00025976068630e-02	0.00000000000000e+00	0.00000000000000e+00	0.00000000000000e+00	-2.51327412287183e+02	-3.97669386696731e-01	9.99452179043206e+01	0.00000000000000e+00	1
6	7	10	11	7.00025830100870e-02	0.00000000000000e+00	0.00000000000000e+00	0.00000000000000e+00	-2.51327412287183e+02	-3.94328931525780e-01	9.91056699503442e+01	0.00000000000000e+00	1
7	8	11	12	7.00025528799735e-02	0.00000000000000e+00	0.00000000000000e+00	0.00000000000000e+00	-2.51327412287183e+02	-3.75265133884931e-01	9.43144150209030e+01	0.00000000000000e+00	1
8	9	12	13	7.00025339260483e-02	0.00000000000000e+00	0.00000000000000e+00	0.00000000000000e+00	-2.51327412287183e+02	-3.71157607119403e-01	9.32820809480226e+01	0.00000000000000e+00	1
9	10	13	14	7.00026927007820e-02	0.00000000000000e+00	0.00000000000000e+00	0.00000000000000e+00	-2.51327412287183e+02	-3.69032438022618e-01	9.27479676982549e+01	0.00000000000000e+00	1
10	11	14	15	7.00030268240101e-02	0.00000000000000e+00	0.00000000000000e+00	0.00000000000000e+00	-2.51327412287184e+02	-3.06866546075066e-01	7.71239749425523e+01	0.00000000000000e+00	1
11	12	15	16	7.00033340913046e-02	0.00000000000000e+00	0.00000000000000e+00	0.00000000000000e+00	-2.51327412287183e+02	-3.03796415442821e-01	7.63523669553662e+01	0.00000000000000e+00	1
12	13	16	17	7.00035404897526e-02	0.00000000000000e+00	0.00000000000000e+00	0.00000000000000e+00	-2.51327412287183e+02	-2.83530459496993e-01	7.12589766899752e+01	0.00000000000000e+00	1
13	14	17	18	7.00036555167182e-02	0.00000000000000e+00	0.00000000000000e+00	0.00000000000000e+00	-2.51327412287184e+02	-2.42192778532996e-01	6.08696843033409e+01	0.00000000000000e+00	1
14	15	18	19	7.00036616288072e-02	0.00000000000000e+00	0.00000000000000e+00	0.00000000000000e+00	-2.51327412287183e+02	-2.75223879112874e-01	6.91713053370793e+01	0.00000000000000e+00	1
15	16	19	20	7.00035405506441e-02	0.00000000000000e+00	0.00000000000000e+00	0.00000000000000e+00	-2.51327412287183e+02	-2.83549552617544e-01	7.12637753145558e+01	0.00000000000000e+00	1
16	17	20	21	7.00033238379076e-02	0.00000000000000e+00	0.00000000000000e+00	0.00000000000000e+00	-2.51327412287184e+02	-3.14264014487988e-01	7.89831615362480e+01	0.00000000000000e+00	1
17	18	21	22	7.00030184157408e-02	0.00000000000000e+00	0.00000000000000e+00	0.00000000000000e+00	-2.51327412287183e+02	-3.31219282904260e-01	8.32444852719443e+01	0.00000000000000e+00	1
18	19	22	23	7.00026943380448e-02	0.00000000000000e+00	0.00000000000000e+00	0.00000000000000e+00	-2.51327412287183e+02	-3.39337777959206e-01	8.52848856257700e+01	0.00000000000000e+00	1
19	20	23	24	7.00025384465710e-02	0.00000000000000e+00	0.00000000000000e+00	0.00000000000000e+00	-2.51327412287184e+02	-3.67624448400370e-01	9.23941013099685e+01	0.00000000000000e+00	1
20	21	24	25	7.00025530595706e-02	0.00000000000000e+00	0.00000000000000e+00	0.00000000000000e+00	-2.51327412287183e+02	-4.19185230066059e-01	1.05352739141510e+02	0.00000000000000e+00	1
21	22	25	26	7.00025823739717e-02	0.00000000000000e+00	0.00000000000000e+00	0.00000000000000e+00	-2.51327412287183e+02	-3.69880511567594e-01	9.29611118277429e+01	0.00000000000000e+00	1
22	23	26	27	7.00025973900456e-02	0.00000000000000e+00	0.00000000000000e+00	0.00000000000000e+00	-2.51327412287183e+02	-4.17667679605860e-01	1.04971337111333e+02	0.00000000000000e+00	1
23	24	27	28	7.00026047042558e-02	0.00000000000000e+00	0.00000000000000e+00	0.00000000000000e+00	-2.51327412287183e+02	-3.84633065535132e-01	9.66688330410314e+01	0.00000000000000e+00	1
24	25	28	29	7.00026059659884e-02	0.00000000000000e+00	0.00000000000000e+00	0.00000000000000e+00	-2.51327412287183e+02	-4.01803577341091e-01	1.00984253340869e+02	0.00000000000000e+00	1
25	26	29	30	7.00026072621004e-02	0.00000000000000e+00	0.00000000000000e+00	0.00000000000000e+00	-2.51327412287183e+02	-3.99026645625250e-01	1.00286334278629e+02	0.00000000000000e+00	1
26	27	30	31	7.00026091671610e-02	0.00000000000000e+00	0.00000000000000e+00	0.00000000000000e+00	-2.51327412287183e+02	-3.98156172388464e-01	1.00067560492562e+02	0.00000000000000e+00	1
1	2	6	7	7.00055834463969e-02	0.00000000000000e+00	0.00000000000000e+00	0.00000000000000e+00	-5.02654824574368e+02	-1.89786885575888e-01	9.53972936756637e+01	0.00000000000000e+00	1
2	3	7	8	7.00055701410466e-02	0.00000000000000e+00	0.00000000000000e+00	0.00000000000000e+00	-5.02654824574365e+02	-1.97971823363475e-01	9.95114921434347e+01	0.00000000000000e+00	1
3	4	8	9	7.00055594845466e-02	0.00000000000000e+00	0.00000000000000e+00	0.00000000000000e+00	-5.02654824574367e+02	-2.01800459337818e-01	1.01435974487477e+02	0.00000000000000e+00	1
4	5	9	10	7.00055433822380e-02	0.00000000000000e+00	0.00000000000000e+00	0.00000000000000e+00	-5.02654824574368e+02	-1.77575598715996e-01	8.92592314212772e+01	0.00000000000000e+00	1
5	6	10	11	7.00055025833707e-02	0.00000000000000e+00	0.00000000000000e+00	0.00000000000000e+00	-5.02654824574368e+02	-1.86399574303002e-01	9.36946453220123e+01	0.00000000000000e+00	1
6	7	11	12	7.00054257431321e-02	0.00000000000000e+00	0.00000000000000e+00	0.00000000000000e+00	-5.02654824574367e+02	-1.76231863549991e-01	8.85837964571343e+01	0.00000000000000e+00	1
7	8	12	13	7.00053966716446e-02	0.00000000000000e+00	0.00000000000000e+00	0.00000000000000e+00	-5.02654824574368e+02	-1.77422217339716e-01	8.91821335324905e+01	0.00000000000000e+00	1
8	9	13	14	7.00058267970306e-02	0.00000000000000e+00	0.00000000000000e+00	0.00000000000000e+00	-5.02654824574368e+02	-1.65624760405416e-01	8.32520848867560e+01	0.00000000000000e+00	1
9	10	14	15	7.00066918018252e-02	0.00000000000000e+00	0.00000000000000e+00	0.00000000000000e+00	-5.02654824574367e+02	-1.67345050678302e-01	8.41167970920907e+01	0.00000000000000e+00	1
10	11	15	16	7.00075076776201e-02	0.00000000000000e+00	0.00000000000000e+00	0.00000000000000e+00	-5.02654824574365e+02	-1.34955367418490e-01	6.78359665351098e+01	0.00000000000000e+00	1
11	12	16	17	7.00081943598481e-02	0.00000000000000e+00	0.00000000000000e+00	0.00000000000000e+00	-5.02654824574368e+02	-1.21001642326069e-01	6.08220592966206e+01	0.00000000000000e+00	1
12	13	17	18	7.00088509562932e-02	0.00000000000000e+00	0.00000000000000e+00	0.00000000000000e+00	-5.02654824574367e+02	-9.58762153472099e-02	4.81926422062060e+01	0.00000000000000e+00	1
13	14	18	19	7.00092697062424e-02	0.00000000000000e+00	0.00000000000000e+00	0.00000000000000e+00	-5.02654824574365e+02	-1.11607329524383e-01	5.60999626432920e+01	0.00000000000000e+00	1
14	15	19	20	7.00088573197527e-02	0.00000000000000e+00	0.00000000000000e+00	0.00000000000000e+00	-5.02654824574368e+02	-1.12943237999438e-01	5.67714634834688e+01	0.00000000000000e+00	1
15	16	20	21	7.00081694964997e-02	0.00000000000000e+00	0.00000000000000e+00	0.00000000000000e+00	-5.02654824574365e+02	-1.31504522720361e-01	6.61013827987385e+01	0.00000000000000e+00	1
16	17	21	22	7.00074842579507e-02	0.00000000000000e+00	0.00000000000000e+00	0.00000000000000e+00	-5.02654824574365e+02	-1.49743704007517e-01	7.52693952690142e+01	0.00000000000000e+00	1
17	18	22	23	7.00066720621120e-02	0.00000000000000e+00	0.00000000000000e+00	0.00000000000000e+00	-5.02654824574368e+02	-1.49210228253543e-01	7.50012411074858e+01	0.00000000000000e+00	1
18	19	23	24	7.00058319362740e-02	0.00000000000000e+00	0.00000000000000e+00	0.00000000000000e+00	-5.02654824574365e+02	-1.45934872170814e-01	7.33548675703030e+01	0.00000000000000e+00	1
19	20	24	25	7.00054040394090e-02	0.00000000000000e+00	0.00000000000000e+00	0.00000000000000e+00	-5.02654824574365e+02	-2.08729894911852e-01	1.04919088710343e+02	0.00000000000000e+00	1
20	21	25	26	7.00054257468752e-02	0.00000000000000e+00	0.00000000000000e+00	0.00000000000000e+00	-5.02654824574369e+02	-1.94664275711445e-01	9.78489373586332e+01	0.00000000000000e+00	1
21	22	26	27	7.00055034442511e-02	0.00000000000000e+00	0.00000000000000e+00	0.00000000000000e+00	-5.02654824574364e+02	-1.94945205512068e-01	9.79901480782819e+01	0.00000000000000e+00	1
22	23	27	28	7.00055455850029e-02	0.00000000000000e+00	0.00000000000000e+00	0.00000000000000e+00	-5.02654824574365e+02	-1.90990457529691e-01	9.60022749249645e+01	0.00000000000000e+00	1
23	24	28	29	7.00055662593465e-02	0.00000000000000e+00	0.00000000000000e+00	0.00000000000000e+00	-5.02654824574369e+02	-1.80096532120916e-01	9.05263907596914e+01	0.00000000000000e+00	1
24	25	29	30	7.00055729443123e-02	0.00000000000000e+00	0.00000000000000e+00	0.00000000000000e+00	-5.02654824574364e+02	-1.72965040125570e-01	8.69417119018162e+01	0.00000000000000e+00	1
25	26	30	31	7.00055792174659e-02	0.00000000000000e+00	0.00000000000000e+00	0.00000000000000e+00	-5.02654824574368e+02	-1.76318089651263e-01	8.86271384229431e+01	0.00000000000000e+00	1
1	2	7	8	7.00105568889958e-02	0.00000000000000e+00	0.00000000000000e+00	0.00000000000000e+00	-8.79645943005146e+02	-8.83375471398114e-02	7.77057649565609e+01	0.00000000000000e+00	1
2	3	8	9	7.00105181570227e-02	0.00000000000000e+00	0.00000000000000e+00	0.00000000000000e+00	-8.79645943005140e+02	-1.00547963827982e-01	8.84466084587122e+01	0.00000000000000e+00	1
3	4	9	10	7.00104750752961e-02	0.00000000000000e+00	0.00000000000000e+00	0.00000000000000e+00	-8.79645943005140e+02	-1.06540233805527e-01	9.37176844338513e+01	0.00000000000000e+00	1
4	5	10	11	7.00103760289636e-02	0.00000000000000e+00	0.00000000000000e+00	0.00000000000000e+00	-8.79645943005146e+02	-9.92237595175045e-02	8.72817775092910e+01	0.00000000000000e+00	1
5	6	11	12	7.00102145821101e-02	0.00000000000000e+00	0.00000000000000e+00	0.00000000000000e+00	-8.79645943005140e+02	-8.91567149376254e-02	7.84263425865480e+01	0.00000000000000e+00	1
6	7	12	13	7.00101944461965e-02	0.00000000000000e+00	0.00000000000000e+00	0.00000000000000e+00	-8.79645943005140e+02	-9.77321072538809e-02	8.59696516472196e+01	0.00000000000000e+00	1
7	8	13	14	7.00111590484333e-02	0.00000000000000e+00	0.00000000000000e+00	0.00000000000000e+00	-8.79645943005146e+02	-8.75297149121334e-02	7.69951586148552e+01	0.00000000000000e+00	1
8	9	14	15	7.00129554283366e-02	0.00000000000000e+00	0.00000000000000e+00	0.00000000000000e+00	-8.79645943005140e+02	-7.49270518010609e-02	6.59092771381392e+01	0.00000000000000e+00	1
9	10	15	16	7.00145117194367e-02	0.00000000000000e+00	0.00000000000000e+00	0.00000000000000e+00	-8.79645943005140e+02	-6.71241611546055e-02	5.90454960372720e+01	0.00000000000000e+00	1
10	11	16	17	7.00156979101815e-02	0.00000000000000e+00	0.00000000000000e+00	0.00000000000000e+00	-8.79645943005146e+02	-6.28165445480759e-02	5.52563185653170e+01	0.00000000000000e+00	1
11	12	17	18	7.00168416316934e-02	0.00000000000000e+00	0.00000000000000e+00	0.00000000000000e+00	-8.79645943005140e+02	-6.50982721572236e-02	5.72634309997462e+01	0.00000000000000e+00	1
12	13	18	19	7.00178185086702e-02	0.00000000000000e+00	0.00000000000000e+00	0.00000000000000e+00	-8.79645943005140e+02	-5.92953068766251e-02	5.21588761332681e+01	0.00000000000000e+00	1
13	14	19	20	7.00178163146650e-02	0.00000000000000e+00	0.00000000000000e+00	0.00000000000000e+00	-8.79645943005146e+02	-5.63468227603824e-02	4.95652540424004e+01	0.00000000000000e+00	1
14	15	20	21	7.00167894296668e-02	0.00000000000000e+00	0.00000000000000e+00	0.00000000000000e+00	-8.79645943005146e+02	-6.23986687681182e-02	5.48887358307970e+01	0.00000000000000e+00	1
15	16	21	22	7.00156668933441e-02	0.00000000000000e+00	0.00000000000000e+00	0.00000000000000e+00	-8.79645943005140e+02	-6.07574085196272e-02	5.34450079117960e+01	0.00000000000000e+00	1
16	17	22	23	7.00144627867915e-02	0.00000000000000e+00	0.00000000000000e+00	0.00000000000000e+00	-8.79645943005146e+02	-7.44264983261634e-02	6.54689673046889e+01	0.00000000000000e+00	1
17	18	23	24	7.00129087639919e-02	0.00000000000000e+00	0.00000000000000e+00	0.00000000000000e+00	-8.79645943005146e+02	-7.66209713637152e-02	6.73993266092056e+01	0.00000000000000e+00	1
18	19	24	25	7.00111667764583e-02	0.00000000000000e+00	0.00000000000000e+00	0.00000000000000e+00	-8.79645943005140e+02	-8.48998817805180e-02	7.46818365698487e+01	0.00000000000000e+00	1
19	20	25	26	7.00102071805693e-02	0.00000000000000e+00	0.00000000000000e+00	0.00000000000000e+00	-8.79645943005146e+02	-9.46545861750904e-02	8.32625227157492e+01	0.00000000000000e+00	1
20	21	26	27	7.00102172496860e-02	0.00000000000000e+00	0.00000000000000e+00	0.00000000000000e+00	-8.79645943005140e+02	-1.09247128947679e-01	9.60987937637851e+01	0.00000000000000e+00	1
21	22	27	28	7.00103827692326e-02	0.00000000000000e+00	0.00000000000000e+00	0.00000000000000e+00	-8.79645943005140e+02	-8.34928282777355e-02	7.34441276645349e+01	0.00000000000000e+00	1
22	23	28	29	7.00104816981235e-02	0.00000000000000e+00	0.00000000000000e+00	0.00000000000000e+00	-8.79645943005146e+02	-1.06664138450443e-01	9.38266766520716e+01	0.00000000000000e+00	1
23	24	29	30	7.00105349826249e-02	0.00000000000000e+00	0.00000000000000e+00	0.00000000000000e+00	-8.79645943005140e+02	-1.03953766405031e-01	9.14425088782896e+01	0.00000000000000e+00	1
24	25	30	31	7.00105570238160e-02	0.00000000000000e+00	0.00000000000000e+00	0.00000000000000e+00	-8.79645943005140e+02	-9.63615687902801e-02	8.47640630479807e+01	0.00000000000000e+00	1
1	2	8	9	7.00181896647905e-02	0.00000000000000e+00	0.00000000000000e+00	0.00000000000000e+00	-1.40743350880823e+03	-5.77273358030420e-02	8.12473867834263e+01	0.00000000000000e+00	1
2	3	9	10	7.00180750923757e-02	0.00000000000000e+00	0.00000000000000e+00	0.00000000000000e+00	-1.40743350880822e+03	-5.94074042561826e-02	8.36119714214675e+01	0.00000000000000e+00	1
3	4	10	11	7.00178708433060e-02	0.00000000000000e+00	0.00000000000000e+00	0.00000000000000e+00	-1.40743350880822e+03	-6.33350357110380e-02	8.91398515412802e+01	0.00000000000000e+00	1
4	5	11	12	7.00175652675524e-02	0.00000000000000e+00	0.00000000000000e+00	0.00000000000000e+00	-1.40743350880823e+03	-6.11907695003737e-02	8.61219394245864e+01	0.00000000000000e+00	1
5	6	12	13	7.00176098241105e-02	0.00000000000000e+00	0.00000000000000e+00	0.00000000000000e+00	-1.40743350880823e+03	-5.81353604910455e-02	8.18216544017434e+01	0.00000000000000e+00	1
6	7	13	14	7.00195162039828e-02	0.00000000000000e+00	0.00000000000000e+00	0.00000000000000e+00	-1.40743350880823e+03	-4.47976197478869e-02	6.30496711480253e+01	0.00000000000000e+00	1
7	8	14	15	7.00227601875023e-02	0.00000000000000e+00	0.00000000000000e+00	0.00000000000000e+00	-1.40743350880822e+03	-4.03213126800140e-02	5.67495665849855e+01	0.00000000000000e+00	1
8	9	15	16	7.00253849770511e-02	0.00000000000000e+00	0.00000000000000e+00	0.00000000000000e+00	-1.40743350880823e+03	-3.98449796313810e-02	5.60791594909869e+01	0.00000000000000e+00	1
9	10	16	17	7.00270387329756e-02	0.00000000000000e+00	0.00000000000000e+00	0.00000000000000e+00	-1.40743350880823e+03	-3.80070373259944e-02	5.34923779031296e+01	0.00000000000000e+00	1
10	11	17	18	7.00281899240194e-02	0.00000000000000e+00	0.00000000000000e+00	0.00000000000000e+00	-1.40743350880822e+03	-3.68639392804610e-02	5.18835434099924e+01	0.00000000000000e+00	1
11	12	18	19	7.00284764946358e-02	0.00000000000000e+00	0.00000000000000e+00	0.00000000000000e+00	-1.40743350880823e+03	-3.35311680858720e-02	4.71928895535373e+01	0.00000000000000e+00	1
12	13	19	20	7.00276066510426e-02	0.00000000000000e+00	0.00000000000000e+00	0.00000000000000e+00	-1.40743350880823e+03	-3.05700684945986e-02	4.30253387658608e+01	0.00000000000000e+00	1
13	14	20	21	7.00283163222523e-02	0.00000000000000e+00	0.00000000000000e+00	0.00000000000000e+00	-1.40743350880822e+03	-3.66628725901035e-02	5.16005554124781e+01	0.00000000000000e+00	1
14	15	21	22	7.00281837626277e-02	0.00000000000000e+00	0.00000000000000e+00	0.00000000000000e+00	-1.40743350880822e+03	-3.55493837565482e-02	5.00333939164487e+01	0.00000000000000e+00	1
15	16	22	23	7.00269736036800e-02	0.00000000000000e+00	0.00000000000000e+00	0.00000000000000e+00	-1.40743350880822e+03	-3.33352159906288e-02	4.69171000085707e+01	0.00000000000000e+00	1
16	17	23	24	7.00252642509782e-02	0.00000000000000e+00	0.00000000000000e+00	0.00000000000000e+00	-1.40743350880822e+03	-4.76600051273621e-02	6.70782882462211e+01	0.00000000000000e+00	1
17	18	24	25	7.00227079848210e-02	0.00000000000000e+00	0.00000000000000e+00	0.00000000000000e+00	-1.40743350880822e+03	-4.34432886407611e-02	6.11435401658348e+01	0.00000000000000e+00	1
18	19	25	26	7.00195186871348e-02	0.00000000000000e+00	0.00000000000000e+00	0.00000000000000e+00	-1.40743350880822e+03	-5.44902343013038e-02	7.66913816584661e+01	0.00000000000000e+00	1
19	20	26	27	7.00176331143263e-02	0.00000000000000e+00	0.00000000000000e+00	0.00000000000000e+00	-1.40743350880822e+03	-5.54090704210675e-02	7.79845824025248e+01	0.00000000000000e+00	1
20	21	27	28	7.00175777612768e-02	0.00000000000000e+00	0.00000000000000e+00	0.00000000000000e+00	-1.40743350880822e+03	-5.39405760428628e-02	7.59177742071431e+01	0.00000000000000e+00	1
21	22	28	29	7.00178872419939e-02	0.00000000000000e+00	0.00000000000000e+00	0.00000000000000e+00	-1.40743350880822e+03	-5.61085681018456e-02	7.89690788777856e+01	0.00000000000000e+00	1
22	23	29	30	7.00180964649485e-02	0.00000000000000e+00	0.00000000000000e+00	0.00000000000000e+00	-1.40743350880822e+03	-6.01424318137728e-02	8.46464738359174e+01	0.00000000000000e+00	1
23	24	30	31	7.00182142961074e-02	0.00000000000000e+00	0.00000000000000e+00	0.00000000000000e+00	-1.40743350880822e+03	-5.20717555457223e-02	7.32875336175199e+01	0.00000000000000e+00	1
1	2	9	10	7.00289872781412e-02	0.00000000000000e+00	0.00000000000000e+00	0.00000000000000e+00	-2.11115026321234e+03	-3.45398923262773e-02	7.29189027759464e+01	0.00000000000000e+00	1
2	3	10	11	7.00285850519319e-02	0.00000000000000e+00	0.00000000000000e+00	0.00000000000000e+00	-2.11115026321235e+03	-3.12231813932878e-02	6.59168276167666e+01	0.00000000000000e+00	1
3	4	11	12	7.00280670974468e-02	0.00000000000000e+00	0.00000000000000e+00	0.00000000000000e+00	-2.11115026321234e+03	-3.65236062195066e-02	7.71068208837752e+01	0.00000000000000e+00	1
4	5	12	13	7.00282692402934e-02	0.00000000000000e+00	0.00000000000000e+00	0.00000000000000e+00	-2.11115026321234e+03	-3.61064101558215e-02	7.62260573041153e+01	0.00000000000000e+00	1
5	6	13	14	7.00317032915500e-02	0.00000000000000e+00	0.00000000000000e+00	0.00000000000000e+00	-2.11115026321234e+03	-3.37998480006448e-02	7.13565580030984e+01	0.00000000000000e+00	1
6	7	14	15	7.00370576901980e-02	0.00000000000000e+00	0.00000000000000e+00	0.00000000000000e+00	-2.11115026321234e+03	-2.77363484552355e-02	5.85555993418197e+01	0.00000000000000e+00	1
7	8	15	16	7.00409772043071e-02	0.00000000000000e+00	0.00000000000000e+00	0.00000000000000e+00	-2.11115026321235e+03	-2.45946546856031e-02	5.19230117131278e+01	0.00000000000000e+00	1
8	9	16	17	7.00432922770633e-02	0.00000000000000e+00	0.00000000000000e+00	0.00000000000000e+00	-2.11115026321234e+03	-2.25506723614226e-02	4.76078578914326e+01	0.00000000000000e+00	1
9	10	17	18	7.00441773548193e-02	0.00000000000000e+00	0.00000000000000e+00	0.00000000000000e+00	-2.11115026321234e+03	-2.38295850879675e-02	5.03078348307035e+01	0.00000000000000e+00	1
10	11	18	19	7.00426991120640e-02	0.00000000000000e+00	0.00000000000000e+00	0.00000000000000e+00	-2.11115026321235e+03	-2.21130973375541e-02	4.66840712646176e+01	0.00000000000000e+00	1
11	12	19	20	7.00385824938502e-02	0.00000000000000e+00	0.00000000000000e+00	0.00000000000000e+00	-2.11115026321234e+03	-2.41782675078399e-02	5.10439558131947e+01	0.00000000000000e+00	1
12	13	20	21	7.00383475076226e-02	0.00000000000000e+00	0.00000000000000e+00	0.00000000000000e+00	-2.11115026321234e+03	-2.81156339177686e-02	5.93563279458790e+01	0.00000000000000e+00	1
13	14	21	22	7.00425923050798e-02	0.00000000000000e+00	0.00000000000000e+00	0.00000000000000e+00	-2.11115026321235e+03	-2.15044452915513e-02	4.53991153374940e+01	0.00000000000000e+00	1
14	15	22	23	7.00441695376524e-02	0.00000000000000e+00	0.00000000000000e+00	0.00000000000000e+00	-2.11115026321235e+03	-2.47849079349869e-02	5.23246649106415e+01	0.00000000000000e+00	1
15	16	23	24	7.00431071510753e-02	0.00000000000000e+00	0.00000000000000e+00	0.00000000000000e+00	-2.11115026321235e+03	-2.36220580909376e-02	4.98697141563003e+01	0.00000000000000e+00	1
16	17	24	25	7.00408824611794e-02	0.00000000000000e+00	0.00000000000000e+00	0.00000000000000e+00	-2.11115026321235e+03	-2.55157828933600e-02	5.38676517713862e+01	0.00000000000000e+00	1
17	18	25	26	7.00369688775088e-02	0.00000000000000e+00	0.00000000000000e+00	0.00000000000000e+00	-2.11115026321236e+03	-2.31695951071505e-02	4.89144968089845e+01	0.00000000000000e+00	1
18	19	26	27	7.00316886793804e-02	0.00000000000000e+00	0.00000000000000e+00	0.00000000000000e+00	-2.11115026321235e+03	-3.32028860918169e-02	7.00962817121489e+01	0.00000000000000e+00	1
19	20	27	28	7.00283174169663e-02	0.00000000000000e+00	0.00000000000000e+00	0.00000000000000e+00	-2.11115026321235e+03	-3.14538230643464e-02	6.64037468413297e+01	0.00000000000000e+00	1
20	21	28	29	7.00280955155773e-02	0.00000000000000e+00	0.00000000000000e+00	0.00000000000000e+00	-2.11115026321236e+03	-3.84786956240406e-02	8.12343083947616e+01	0.00000000000000e+00	1
21	22	29	30	7.00286255905682e-02	0.00000000000000e+00	0.00000000000000e+00	0.00000000000000e+00	-2.11115026321235e+03	-3.72035602573448e-02	7.85423060297300e+01	0.00000000000000e+00	1
22	23	30	31	7.00290203806904e-02	0.00000000000000e+00	0.00000000000000e+00	0.00000000000000e+00	-2.11115026321235e+03	-3.62811448509977e-02	7.65949485018293e+01	0.00000000000000e+00	1
1	2	10	11	7.00429617798772e-02	0.00000000000000e+00	0.00000000000000e+00	0.00000000000000e+00	-3.01592894744617e+03	-2.58867297841310e-02	7.80725377106778e+01	0.00000000000000e+00	1
2	3	11	12	7.00421226738423e-02	0.00000000000000e+00	0.00000000000000e+00	0.00000000000000e+00	-3.01592894744617e+03	-2.23912172853210e-02	6.75303203793568e+01	0.00000000000000e+00	1
3	4	12	13	7.00426360314454e-02	0.00000000000000e+00	0.00000000000000e+00	0.00000000000000e+00	-3.01592894744619e+03	-2.43267227443483e-02	7.33676673211777e+01	0.00000000000000e+00	1
4	5	13	14	7.00483152270564e-02	0.00000000000000e+00	0.00000000000000e+00	0.00000000000000e+00	-3.01592894744617e+03	-2.20156885399396e-02	6.63977523655628e+01	0.00000000000000e+00	1
5	6	14	15	7.00565953460965e-02	0.00000000000000e+00	0.00000000000000e+00	0.00000000000000e+00	-3.01592894744619e+03	-1.86448566138220e-02	5.62315627826093e+01	0.00000000000000e+00	1
6	7	15	16	7.00620820077094e-02	0.00000000000000e+00	0.00000000000000e+00	0.00000000000000e+00	-3.01592894744617e+03	-1.62857274820190e-02	4.91165969432408e+01	0.00000000000000e+00	1
7	8	16	17	7.00649354610218e-02	0.00000000000000e+00	0.00000000000000e+00	0.00000000000000e+00	-3.01592894744617e+03	-1.65200712001530e-02	4.98233609464132e+01	0.00000000000000e+00	1
8	9	17	18	7.00657262674517e-02	0.00000000000000e+00	0.00000000000000e+00	0.00000000000000e+00	-3.01592894744619e+03	-1.56274241866232e-02	4.71312009784576e+01	0.00000000000000e+00	1
9	10	18	19	7.00618836041533e-02	0.00000000000000e+00	0.00000000000000e+00	0.00000000000000e+00	-3.01592894744617e+03	-1.73696183625040e-02	5.23855348255684e+01	0.00000000000000e+00	1
10	11	19	20	7.00534631960364e-02	0.00000000000000e+00	0.00000000000000e+00	0.00000000000000e+00	-3.01592894744617e+03	-2.08140324156679e-02	6.27736428754959e+01	0.00000000000000e+00	1
11	12	20	21	7.00497592270161e-02	0.00000000000000e+00	0.00000000000000e+00	0.00000000000000e+00	-3.01592894744619e+03	-1.82780284496592e-02	5.51252351035721e+01	0.00000000000000e+00	1
12	13	21	22	7.00532721400251e-02	0.00000000000000e+00	0.00000000000000e+00	0.00000000000000e+00	-3.01592894744617e+03	-2.06929445237090e-02	6.24084503969519e+01	0.00000000000000e+00	1
13	14	22	23	7.00617222927484e-02	0.00000000000000e+00	0.00000000000000e+00	0.00000000000000e+00	-3.01592894744617e+03	-1.60056295168893e-02	4.82718413820852e+01	0.00000000000000e+00	1
14	15	23	24	7.00656133017890e-02	0.00000000000000e+00	0.00000000000000e+00	0.00000000000000e+00	-3.01592894744617e+03	-1.55492425819792e-02	4.68954108138538e+01	0.00000000000000e+00	1
15	16	24	25	7.00648532448422e-02	0.00000000000000e+00	0.00000000000000e+00	0.00000000000000e+00	-3.01592894744616e+03	-1.48663265677832e-02	4.48357846379653e+01	0.00000000000000e+00	1
16	17	25	26	7.00619309359383e-02	0.00000000000000e+00	0.00000000000000e+00	0.00000000000000e+00	-3.01592894744621e+03	-1.66642863806915e-02	5.02583036840611e+01	0.00000000000000e+00	1
17	18	26	27	7.00564407473517e-02	0.00000000000000e+00	0.00000000000000e+00	0.00000000000000e+00	-3.01592894744616e+03	-1.82338807364059e-02	5.49920887372075e+01	0.00000000000000e+00	1
18	19	27	28	7.00482934114653e-02	0.00000000000000e+00	0.00000000000000e+00	0.00000000000000e+00	-3.01592894744616e+03	-2.21934560593492e-02	6.69338865732657e+01	0.00000000000000e+00	1
19	20	28	29	7.00427208210860e-02	0.00000000000000e+00	0.00000000000000e+00	0.00000000000000e+00	-3.01592894744621e+03	-2.20040316473329e-02	6.63625960057136e+01	0.00000000000000e+00	1
20	21	29	30	7.00421869476017e-02	0.00000000000000e+00	0.00000000000000e+00	0.00000000000000e+00	-3.01592894744616e+03	-2.28380139197380e-02	6.88778272827160e+01	0.00000000000000e+00	1
21	22	30	31	7.00430197599536e-02	0.00000000000000e+00	0.00000000000000e+00	0.00000000000000e+00	-3.01592894744616e+03	-2.19357682819090e-02	6.61567185458806e+01	0.00000000000000e+00	1
1	2	11	12	7.00599165042094e-02	0.00000000000000e+00	0.00000000000000e+00	0.00000000000000e+00	-4.14690230273854e+03	-1.69721817913226e-02	7.03819797529329e+01	0.00000000000000e+00	1
2	3	12	13	7.00609013708176e-02	0.00000000000000e+00	0.00000000000000e+00	0.00000000000000e+00	-4.14690230273854e+03	-1.71345343608112e-02	7.10552399972005e+01	0.00000000000000e+00	1
3	4	13	14	7.00696496596175e-02	0.00000000000000e+00	0.00000000000000e+00	0.00000000000000e+00	-4.14690230273860e+03	-1.32795777708022e-02	5.50691116371360e+01	0.00000000000000e+00	1
4	5	14	15	7.00816672573668e-02	0.00000000000000e+00	0.00000000000000e+00	0.00000000000000e+00	-4.14690230273860e+03	-1.31219683758381e-02	5.44155208742263e+01	0.00000000000000e+00	1
5	6	15	16	7.00890976271018e-02	0.00000000000000e+00	0.00000000000000e+00	0.00000000000000e+00	-4.14690230273854e+03	-1.13594648897184e-02	4.71065911090507e+01	0.00000000000000e+00	1
6	7	16	17	7.00924836500510e-02	0.00000000000000e+00	0.00000000000000e+00	0.00000000000000e+00	-4.14690230273854e+03	-1.00555278116323e-02	4.16992914373095e+01	0.00000000000000e+00	1
7	8	17	18	7.00927577929858e-02	0.00000000000000e+00	0.00000000000000e+00	0.00000000000000e+00	-4.14690230273860e+03	-9.13064035029240e-03	3.78638734941055e+01	0.00000000000000e+00	1
8	9	18	19	7.00864508648625e-02	0.00000000000000e+00	0.00000000000000e+00	0.00000000000000e+00	-4.14690230273854e+03	-1.12362179065271e-02	4.65954979106494e+01	0.00000000000000e+00	1
9	10	19	20	7.00731375358764e-02	0.00000000000000e+00	0.00000000000000e+00	0.00000000000000e+00	-4.14690230273854e+03	-1.47329404780596e-02	6.10960647945751e+01	0.00000000000000e+00	1
10	11	20	21	7.00659167702511e-02	0.00000000000000e+00	0.00000000000000e+00	0.00000000000000e+00	-4.14690230273860e+03	-1.56579955010262e-02	6.49321775994761e+01	0.00000000000000e+00	1
11	12	21	22	7.00660301038118e-02	0.00000000000000e+00	0.00000000000000e+00	0.00000000000000e+00	-4.14690230273854e+03	-1.48476770707311e-02	6.15718662349331e+01	0.00000000000000e+00	1
12	13	22	23	7.00728706741534e-02	0.00000000000000e+00	0.00000000000000e+00	0.00000000000000e+00	-4.14690230273854e+03	-1.43831952531118e-02	5.96457055158672e+01	0.00000000000000e+00	1
13	14	23	24	7.00861043533752e-02	0.00000000000000e+00	0.00000000000000e+00	0.00000000000000e+00	-4.14690230273860e+03	-1.12253319792714e-02	4.65503550338460e+01	0.00000000000000e+00	1
14	15	24	25	7.00929268831146e-02	0.00000000000000e+00	0.00000000000000e+00	0.00000000000000e+00	-4.14690230273857e+03	-1.03646696752300e-02	4.29812725433361e+01	0.00000000000000e+00	1
15	16	25	26	7.00923466957583e-02	0.00000000000000e+00	0.00000000000000e+00	0.00000000000000e+00	-4.14690230273854e+03	-1.18090962361903e-02	4.89711683751187e+01	0.00000000000000e+00	1
16	17	26	27	7.00888360169339e-02	0.00000000000000e+00	0.00000000000000e+00	0.00000000000000e+00	-4.14690230273854e+03	-1.26253621871681e-02	5.23561435268756e+01	0.00000000000000e+00	1
17	18	27	28	7.00814912019981e-02	0.00000000000000e+00	0.00000000000000e+00	0.00000000000000e+00	-4.14690230273857e+03	-1.20391506011475e-02	4.99251813509151e+01	0.00000000000000e+00	1
18	19	28	29	7.00696166275545e-02	0.00000000000000e+00	0.00000000000000e+00	0.00000000000000e+00	-4.14690230273854e+03	-1.46749269909105e-02	6.08554885311267e+01	0.00000000000000e+00	1
19	20	29	30	7.00610539715562e-02	0.00000000000000e+00	0.00000000000000e+00	0.00000000000000e+00	-4.14690230273854e+03	-1.69097800759201e-02	7.01232059356352e+01	0.00000000000000e+00	1
20	21	30	31	7.00600087272774e-02	0.00000000000000e+00	0.00000000000000e+00	0.00000000000000e+00	-4.14690230273857e+03	-1.64433640290388e-02	6.81890241567894e+01	0.00000000000000e+00	1
1	2	12	13	7.00830358977676e-02	0.00000000000000e+00	0.00000000000000e+00	0.00000000000000e+00	-5.52920307031808e+03	-1.18127294918925e-02	6.53149801754090e+01	0.00000000000000e+00	1
2	3	13	14	7.00956473373010e-02	0.00000000000000e+00	0.00000000000000e+00	0.00000000000000e+00	-5.52920307031797e+03	-1.00587193628386e-02	5.56167019844742e+01	0.00000000000000e+00	1
3	4	14	15	7.01121791019046e-02	0.00000000000000e+00	0.00000000000000e+00	0.00000000000000e+00	-5.52920307031803e+03	-8.31295384965126e-03	4.59640099489038e+01	0.00000000000000e+00	1
4	5	15	16	7.01218149091351e-02	0.00000000000000e+00	0.00000000000000e+00	0.00000000000000e+00	-5.52920307031797e+03	-8.15552731403046e-03	4.50935666647993e+01	0.00000000000000e+00	1
5	6	16	17	7.01259496818131e-02	0.00000000000000e+00	0.00000000000000e+00	0.00000000000000e+00	-5.52920307031808e+03	-8.12217135752162e-03	4.49091348076581e+01	0.00000000000000e+00	1
6	7	17	18	7.01255076252227e-02	0.00000000000000e+00	0.00000000000000e+00	0.00000000000000e+00	-5.52920307031803e+03	-8.37270901845765e-03	4.62944084117355e+01	0.00000000000000e+00	1
7	8	18	19	7.01157850829606e-02	0.00000000000000e+00	0.00000000000000e+00	0.00000000000000e+00	-5.52920307031797e+03	-8.69723428263858e-03	4.80887744988400e+01	0.00000000000000e+00	1
8	9	19	20	7.00974174661494e-02	0.00000000000000e+00	0.00000000000000e+00	0.00000000000000e+00	-5.52920307031808e+03	-1.14548937691033e-02	6.33364337982931e+01	0.00000000000000e+00	1
9	10	20	21	7.00870418444595e-02	0.00000000000000e+00	0.00000000000000e+00	0.00000000000000e+00	-5.52920307031803e+03	-1.15264705086157e-02	6.37321961261681e+01	0.00000000000000e+00	1
10	11	21	22	7.00847156012640e-02	0.00000000000000e+00	0.00000000000000e+00	0.00000000000000e+00	-5.52920307031797e+03	-1.10962446963148e-02	6.13533902438636e+01	0.00000000000000e+00	1
11	12	22	23	7.00871720664077e-02	0.00000000000000e+00	0.00000000000000e+00	0.00000000000000e+00	-5.52920307031808e+03	-1.16413934051375e-02	6.43676281584669e+01	0.00000000000000e+00	1
12	13	23	24	7.00969727225764e-02	0.00000000000000e+00	0.00000000000000e+00	0.00000000000000e+00	-5.52920307031803e+03	-1.06398930102081e-02	5.88301290998977e+01	0.00000000000000e+00	1
13	14	24	25	7.01156637876490e-02	0.00000000000000e+00	0.00000000000000e+00	0.00000000000000e+00	-5.52920307031797e+03	-8.47457990196296e-03	4.68576732135886e+01	0.00000000000000e+00	1
14	15	25	26	7.01257356617207e-02	0.00000000000000e+00	0.00000000000000e+00	0.00000000000000e+00	-5.52920307031808e+03	-7.32617081275771e-03	4.05078861515746e+01	0.00000000000000e+00	1
15	16	26	27	7.01256858869609e-02	0.00000000000000e+00	0.00000000000000e+00	0.00000000000000e+00	-5.52920307031803e+03	-7.43228292235933e-03	4.10946015537815e+01	0.00000000000000e+00	1
16	17	27	28	7.01215405081660e-02	0.00000000000000e+00	0.00000000000000e+00	0.00000000000000e+00	-5.52920307031797e+03	-8.46454322746970e-03	4.68021784021647e+01	0.00000000000000e+00	1
17	18	28	29	7.01119825109604e-02	0.00000000000000e+00	0.00000000000000e+00	0.00000000000000e+00	-5.52920307031808e+03	-9.22455044878895e-03	5.10044126637479e+01	0.00000000000000e+00	1
18	19	29	30	7.00956362337399e-02	0.00000000000000e+00	0.00000000000000e+00	0.00000000000000e+00	-5.52920307031803e+03	-1.01020188210989e-02	5.58561134820303e+01	0.00000000000000e+00	1
19	20	30	31	7.00832543067661e-02	0.00000000000000e+00	0.00000000000000e+00	0.00000000000000e+00	-5.52920307031797e+03	-1.17741985929768e-02	6.51019350108208e+01	0.00000000000000e+00	1
1	2	13	14	7.01260730629994e-02	0.00000000000000e+00	0.00000000000000e+00	0.00000000000000e+00	-7.18796399141354e+03	-8.03268874521312e-03	5.77386774548247e+01	0.00000000000000e+00	1
2	3	14	15	7.01477085245990e-02	0.00000000000000e+00	0.00000000000000e+00	0.00000000000000e+00	-7.18796399141345e+03	-6.10019489680536e-03	4.38479812588410e+01	0.00000000000000e+00	1
3	4	15	16	7.01597556649355e-02	0.00000000000000e+00	0.00000000000000e+00	0.00000000000000e+00	-7.18796399141345e+03	-6.92476617271088e-03	4.97749698984037e+01	0.00000000000000e+00	1
4	5	16	17	7.01647223569296e-02	0.00000000000000e+00	0.00000000000000e+00	0.00000000000000e+00	-7.18796399141354e+03	-6.19309083451811e-03	4.45157139140694e+01	0.00000000000000e+00	1
5	6	17	18	7.01636895365858e-02	0.00000000000000e+00	0.00000000000000e+00	0.00000000000000e+00	-7.18796399141345e+03	-5.83573116569368e-03	4.19470254825754e+01	0.00000000000000e+00	1
6	7	18	19	7.01498676198594e-02	0.00000000000000e+00	0.00000000000000e+00	0.00000000000000e+00	-7.18796399141354e+03	-6.94178793044407e-03	4.98973216800611e+01	0.00000000000000e+00	1
7	8	19	20	7.01255125646075e-02	0.00000000000000e+00	0.00000000000000e+00	0.00000000000000e+00	-7.18796399141354e+03	-8.48315289738615e-03	6.09765975600671e+01	0.00000000000000e+00	1
8	9	20	21	7.01124861660177e-02	0.00000000000000e+00	0.00000000000000e+00	0.00000000000000e+00	-7.18796399141345e+03	-8.78371559619148e-03	6.31370314162411e+01	0.00000000000000e+00	1
9	10	21	22	7.01088294608305e-02	0.00000000000000e+00	0.00000000000000e+00	0.00000000000000e+00	-7.18796399141354e+03	-8.12102454176058e-03	5.83736319795606e+01	0.00000000000000e+00	1
10	11	22	23	7.01088201671938e-02	0.00000000000000e+00	0.00000000000000e+00	0.00000000000000e+00	-7.18796399141354e+03	-9.37581225101335e-03	6.73930008505379e+01	0.00000000000000e+00	1
11	12	23	24	7.01125682859981e-02	0.00000000000000e+00	0.00000000000000e+00	0.00000000000000e+00	-7.18796399141345e+03	-8.03033687252181e-03	5.77217722786064e+01	0.00000000000000e+00	1
12	13	24	25	7.01251763255753e-02	0.00000000000000e+00	0.00000000000000e+00	0.00000000000000e+00	-7.18796399141354e+03	-8.33418251894126e-03	5.99058038440179e+01	0.00000000000000e+00	1
13	14	25	26	7.01496990816618e-02	0.00000000000000e+00	0.00000000000000e+00	0.00000000000000e+00	-7.18796399141354e+03	-5.71524447167417e-03	4.10809714645192e+01	0.00000000000000e+00	1
14	15	26	27	7.01639089108392e-02	0.00000000000000e+00	0.00000000000000e+00	0.00000000000000e+00	-7.18796399141345e+03	-5.22764635924228e-03	3.75761337900771e+01	0.00000000000000e+00	1
15	16	27	28	7.01644929854734e-02	0.00000000000000e+00	0.00000000000000e+00	0.00000000000000e+00	-7.18796399141345e+03	-6.62105548297005e-03	4.75919083967393e+01	0.00000000000000e+00	1
16	17	28	29	7.01594712796251e-02	0.00000000000000e+00	0.00000000000000e+00	0.00000000000000e+00	-7.18796399141354e+03	-5.92364756996022e-03	4.25789654306984e+01	0.00000000000000e+00	1
17	18	29	30	7.01475605787074e-02	0.00000000000000e+00	0.00000000000000e+00	0.00000000000000e+00	-7.18796399141345e+03	-6.54461724224859e-03	4.70424730748664e+01	0.00000000000000e+00	1
18	19	30	31	7.01260836584969e-02	0.00000000000000e+00	0.00000000000000e+00	0.00000000000000e+00	-7.18796399141345e+03	-7.11331513421542e-03	5.11302530443168e+01	0.00000000000000e+00	1
1	2	14	15	7.01878479296052e-02	0.00000000000000e+00	0.00000000000000e+00	0.00000000000000e+00	-9.14831780725342e+03	-5.42727347111163e-03	4.96504225406046e+01	0.00000000000000e+00	1
2	3	15	16	7.02022901919940e-02	0.00000000000000e+00	0.00000000000000e+00	0.00000000000000e+00	-9.14831780725342e+03	-5.37083074597023e-03	4.91340665531036e+01	0.00000000000000e+00	1
3	4	16	17	7.02081488059431e-02	0.00000000000000e+00	0.00000000000000e+00	0.00000000000000e+00	-9.14831780725342e+03	-4.94123241279593e-03	4.52039644717587e+01	0.00000000000000e+00	1
4	5	17	18	7.02064644741490e-02	0.00000000000000e+00	0.00000000000000e+00	0.00000000000000e+00	-9.14831780725342e+03	-5.18176002332043e-03	4.74043874942561e+01	0.00000000000000e+00	1
5	6	18	19	7.01882596610856e-02	0.00000000000000e+00	0.00000000000000e+00	0.00000000000000e+00	-9.14831780725327e+03	-5.31483606305115e-03	4.86218093982427e+01	0.00000000000000e+00	1
6	7	19	20	7.01572290451171e-02	0.00000000000000e+00	0.00000000000000e+00	0.00000000000000e+00	-9.14831780725327e+03	-5.89691627124482e-03	5.39468641321106e+01	0.00000000000000e+00	1
7	8	20	21	7.01413501400476e-02	0.00000000000000e+00	0.00000000000000e+00	0.00000000000000e+00	-9.14831780725342e+03	-6.90649387544533e-03	6.31828009064232e+01	0.00000000000000e+00	1
8	9	21	22	7.01372559481144e-02	0.00000000000000e+00	0.00000000000000e+00	0.00000000000000e+00	-9.14831780725327e+03	-7.65339140313910e-03	7.00156568592166e+01	0.00000000000000e+00	1
9	10	22	23	7.01364079269603e-02	0.00000000000000e+00	0.00000000000000e+00	0.00000000000000e+00	-9.14831780725327e+03	-8.05424794582974e-03	7.36828199068673e+01	0.00000000000000e+00	1
10	11	23	24	7.01371722983012e-02	0.00000000000000e+00	0.00000000000000e+00	0.00000000000000e+00	-9.14831780725342e+03	-7.36959921537767e-03	6.74194357343604e+01	0.00000000000000e+00	1
11	12	24	25	7.01416141933603e-02	0.00000000000000e+00	0.00000000000000e+00	0.00000000000000e+00	-9.14831780725327e+03	-6.78613879734307e-03	6.20817544022259e+01	0.00000000000000e+00	1
12	13	25	26	7.01567910280919e-02	0.00000000000000e+00	0.00000000000000e+00	0.00000000000000e+00	-9.14831780725342e+03	-5.95988497151280e-03	5.45229218140725e+01	0.00000000000000e+00	1
13	14	26	27	7.01879821686265e-02	0.00000000000000e+00	0.00000000000000e+00	0.00000000000000e+00	-9.14831780725342e+03	-5.40317238197884e-03	4.94299381177169e+01	0.00000000000000e+00	1
14	15	27	28	7.02068956508483e-02	0.00000000000000e+00	0.00000000000000e+00	0.00000000000000e+00	-9.14831780725342e+03	-5.01958860664381e-03	4.59207918352460e+01	0.00000000000000e+00	1
15	16	28	29	7.02079545480021e-02	0.00000000000000e+00	0.00000000000000e+00	0.00000000000000e+00	-9.14831780725342e+03	-4.60245847344557e-03	4.21047528097665e+01	0.00000000000000e+00	1
16	17	29	30	7.02021003014315e-02	0.00000000000000e+00	0.00000000000000e+00	0.00000000000000e+00	-9.14831780725342e+03	-5.26155506024571e-03	4.81343778514902e+01	0.00000000000000e+00	1
17	18	30	31	7.01877802905963e-02	0.00000000000000e+00	0.00000000000000e+00	0.00000000000000e+00	-9.14831780725342e+03	-5.22436127923407e-03	4.77941173223422e+01	0.00000000000000e+00	1
1	2	15	16	7.02490529222131e-02	0.00000000000000e+00	0.00000000000000e+00	0.00000000000000e+00	-1.14353972590669e+04	-4.06207481017039e-03	4.64514391503471e+01	0.00000000000000e+00	1
2	3	16	17	7.02555954449996e-02	0.00000000000000e+00	0.00000000000000e+00	0.00000000000000e+00	-1.14353972590669e+04	-4.47922125411013e-03	5.12216744520050e+01	0.00000000000000e+00	1
3	4	17	18	7.02531919511370e-02	0.00000000000000e+00	0.00000000000000e+00	0.00000000000000e+00	-1.14353972590669e+04	-4.11619178858455e-03	4.70702882969733e+01	0.00000000000000e+00	1
4	5	18	19	7.02301619819609e-02	0.00000000000000e+00	0.00000000000000e+00	0.00000000000000e+00	-1.14353972590669e+04	-4.50919505181746e-03	5.15644367361512e+01	0.00000000000000e+00	1
5	6	19	20	7.01921478204822e-02	0.00000000000000e+00	0.00000000000000e+00	0.00000000000000e+00	-1.14353972590671e+04	-4.93703034600121e-03	5.64569032865933e+01	0.00000000000000e+00	1
6	7	20	21	7.01733519960224e-02	0.00000000000000e+00	0.00000000000000e+00	0.00000000000000e+00	-1.14353972590671e+04	-5.34890978325303e-03	6.11669082744088e+01	0.00000000000000e+00	1
7	8	21	22	7.01689128908687e-02	0.00000000000000e+00	0.00000000000000e+00	0.00000000000000e+00	-1.14353972590669e+04	-5.33528825497478e-03	6.10111406872702e+01	0.00000000000000e+00	1
8	9	22	23	7.01683079385227e-02	0.00000000000000e+00	0.00000000000000e+00	0.00000000000000e+00	-1.14353972590671e+04	-5.53269486697242e-03	6.32685637170309e+01	0.00000000000000e+00	1
9	10	23	24	7.01682370734874e-02	0.00000000000000e+00	0.00000000000000e+00	0.00000000000000e+00	-1.14353972590671e+04	-5.17593391705439e-03	5.91888605281962e+01	0.00000000000000e+00	1
10	11	24	25	7.01689859754602e-02	0.00000000000000e+00	0.00000000000000e+00	0.00000000000000e+00	-1.14353972590669e+04	-5.37197407294847e-03	6.14306575895731e+01	0.00000000000000e+00	1
11	12	25	26	7.01736334365883e-02	0.00000000000000e+00	0.00000000000000e+00	0.00000000000000e+00	-1.14353972590669e+04	-5.43246024170796e-03	6.21223409580169e+01	0.00000000000000e+00	1
12	13	26	27	7.01915844482869e-02	0.00000000000000e+00	0.00000000000000e+00	0.00000000000000e+00	-1.14353972590669e+04	-4.72559780956913e-03	5.40390882389992e+01	0.00000000000000e+00	1
13	14	27	28	7.02299946329588e-02	0.00000000000000e+00	0.00000000000000e+00	0.00000000000000e+00	-1.14353972590669e+04	-3.79351423415573e-03	4.33803422754955e+01	0.00000000000000e+00	1
14	15	28	29	7.02538259938403e-02	0.00000000000000e+00	0.00000000000000e+00	0.00000000000000e+00	-1.14353972590669e+04	-4.50065228674630e-03	5.14667468238717e+01	0.00000000000000e+00	1
15	16	29	30	7.02555618425088e-02	0.00000000000000e+00	0.00000000000000e+00	0.00000000000000e+00	-1.14353972590669e+04	-4.31947005670582e-03	4.93948560470751e+01	0.00000000000000e+00	1
16	17	30	31	7.02490200487254e-02	0.00000000000000e+00	0.00000000000000e+00	0.00000000000000e+00	-1.14353972590669e+04	-3.91925943464549e-03	4.48182885965170e+01	0.00000000000000e+00	1
1	2	16	17	7.03068573427756e-02	0.00000000000000e+00	0.00000000000000e+00	0.00000000000000e+00	-1.40743350880824e+04	-3.19783483001815e-03	4.50073989540165e+01	0.00000000000000e+00	1
2	3	17	18	7.03033514557510e-02	0.00000000000000e+00	0.00000000000000e+00	0.00000000000000e+00	-1.40743350880824e+04	-3.32394800272945e-03	4.67823580057766e+01	0.00000000000000e+00	1
3	4	18	19	7.02751109378383e-02	0.00000000000000e+00	0.00000000000000e+00	0.00000000000000e+00	-1.40743350880824e+04	-4.16976548509691e-03	5.86866766759745e+01	0.00000000000000e+00	1
4	5	19	20	7.02296911112644e-02	0.00000000000000e+00	0.00000000000000e+00	0.00000000000000e+00	-1.40743350880824e+04	-4.16287762810095e-03	5.85897346685744e+01	0.00000000000000e+00	1
5	6	20	21	7.02081011989272e-02	0.00000000000000e+00	0.00000000000000e+00	0.00000000000000e+00	-1.40743350880821e+04	-5.10170139218458e-03	7.18030549129405e+01	0.00000000000000e+00	1
6	7	21	22	7.02034924788168e-02	0.00000000000000e+00	0.00000000000000e+00	0.00000000000000e+00	-1.40743350880821e+04	-4.75245611385224e-03	6.68876598377607e+01	0.00000000000000e+00	1
7	8	22	23	7.02032474740526e-02	0.00000000000000e+00	0.00000000000000e+00	0.00000000000000e+00	-1.40743350880824e+04	-4.54281155569881e-03	6.39370520769180e+01	0.00000000000000e+00	1
8	9	23	24	7.02035850949177e-02	0.00000000000000e+00	0.00000000000000e+00	0.00000000000000e+00	-1.40743350880821e+04	-4.88587193154811e-03	6.87653987620628e+01	0.00000000000000e+00	1
9	10	24	25	7.02033638686428e-02	0.00000000000000e+00	0.00000000000000e+00	0.00000000000000e+00	-1.40743350880821e+04	-5.08619361697761e-03	7.15847932882070e+01	0.00000000000000e+00	1
10	11	25	26	7.02035553905104e-02	0.00000000000000e+00	0.00000000000000e+00	0.00000000000000e+00	-1.40743350880824e+04	-4.29418994815234e-03	6.04378682621713e+01	0.00000000000000e+00	1
11	12	26	27	7.02084025398549e-02	0.00000000000000e+00	0.00000000000000e+00	0.00000000000000e+00	-1.40743350880824e+04	-4.78711995122232e-03	6.73755303003477e+01	0.00000000000000e+00	1
12	13	27	28	7.02291751073384e-02	0.00000000000000e+00	0.00000000000000e+00	0.00000000000000e+00	-1.40743350880821e+04	-4.57441012347255e-03	6.43817809080676e+01	0.00000000000000e+00	1
13	14	28	29	7.02750426003453e-02	0.00000000000000e+00	0.00000000000000e+00	0.00000000000000e+00	-1.40743350880824e+04	-3.19661359098289e-03	4.49902108266116e+01	0.00000000000000e+00	1
14	15	29	30	7.03043095969466e-02	0.00000000000000e+00	0.00000000000000e+00	0.00000000000000e+00	-1.40743350880824e+04	-3.13592974313768e-03	4.41361260176039e+01	0.00000000000000e+00	1
15	16	30	31	7.03070532023303e-02	0.00000000000000e+00	0.00000000000000e+00	0.00000000000000e+00	-1.40743350880821e+04	-3.29000511631789e-03	4.63046344485624e+01	0.00000000000000e+00	1
1	2	17	18	7.03569210793383e-02	0.00000000000000e+00	0.00000000000000e+00	0.00000000000000e+00	-1.70902640355283e+04	-2.86892176237350e-03	4.90306304162363e+01	0.00000000000000e+00	1
2	3	18	19	7.03227812108397e-02	0.00000000000000e+00	0.00000000000000e+00	0.00000000000000e+00	-1.70902640355281e+04	-2.94897405887579e-03	5.03987453001102e+01	0.00000000000000e+00	1
3	4	19	20	7.02695905134316e-02	0.00000000000000e+00	0.00000000000000e+00	0.00000000000000e+00	-1.70902640355283e+04	-3.76376447296260e-03	6.43237286104720e+01	0.00000000000000e+00	1
4	5	20	21	7.02451368776088e-02	0.00000000000000e+00	0.00000000000000e+00	0.00000000000000e+00	-1.70902640355283e+04	-3.91513960809303e-03	6.69107696382648e+01	0.00000000000000e+00	1
5	6	21	22	7.02406326952729e-02	0.00000000000000e+00	0.00000000000000e+00	0.00000000000000e+00	-1.70902640355283e+04	-4.44169794880451e-03	7.59097907111338e+01	0.00000000000000e+00	1
6	7	22	23	7.02409442943091e-02	0.00000000000000e+00	0.00000000000000e+00	0.00000000000000e+00	-1.70902640355281e+04	-3.46260498705062e-03	5.91768334794313e+01	0.00000000000000e+00	1
7	8	23	24	7.02417754177227e-02	0.00000000000000e+00	0.00000000000000e+00	0.00000000000000e+00	-1.70902640355283e+04	-4.44374595089086e-03	7.59447916075348e+01	0.00000000000000e+00	1
8	9	24	25	7.02419908072592e-02	0.00000000000000e+00	0.00000000000000e+00	0.00000000000000e+00	-1.70902640355283e+04	-3.96515437863077e-03	6.77655352724311e+01	0.00000000000000e+00	1
9	10	25	26	7.02410613761969e-02	0.00000000000000e+00	0.00000000000000e+00	0.00000000000000e+00	-1.70902640355288e+04	-4.22004756799176e-03	7.21217271794706e+01	0.00000000000000e+00	1
10	11	26	27	7.02406986038352e-02	0.00000000000000e+00	0.00000000000000e+00	0.00000000000000e+00	-1.70902640355286e+04	-4.66163951457447e-03	7.96686501425311e+01	0.00000000000000e+00	1
11	12	27	28	7.02456150990949e-02	0.00000000000000e+00	0.00000000000000e+00	0.00000000000000e+00	-1.70902640355283e+04	-3.97650967837297e-03	6.79596003432279e+01	0.00000000000000e+00	1
12	13	28	29	7.02691174851679e-02	0.00000000000000e+00	0.00000000000000e+00	0.00000000000000e+00	-1.70902640355288e+04	-3.65011324278919e-03	6.23813990788476e+01	0.00000000000000e+00	1
13	14	29	30	7.03229047242912e-02	0.00000000000000e+00	0.00000000000000e+00	0.00000000000000e+00	-1.70902640355286e+04	-3.17110436707603e-03	5.41950109175472e+01	0.00000000000000e+00	1
14	15	30	31	7.03582487769520e-02	0.00000000000000e+00	0.00000000000000e+00	0.00000000000000e+00	-1.70902640355283e+04	-3.11430909193941e-03	5.32243646694910e+01	0.00000000000000e+00	1
1	2	18	19	7.03732725692776e-02	0.00000000000000e+00	0.00000000000000e+00	0.00000000000000e+00	-2.05083168426343e+04	-2.55578651429340e-03	5.24148796172609e+01	0.00000000000000e+00	1
2	3	19	20	7.03116757856724e-02	0.00000000000000e+00	0.00000000000000e+00	0.00000000000000e+00	-2.05083168426343e+04	-3.16041738549922e-03	6.48148410967880e+01	0.00000000000000e+00	1
3	4	20	21	7.02842877186834e-02	0.00000000000000e+00	0.00000000000000e+00	0.00000000000000e+00	-2.05083168426339e+04	-3.51662821678948e-03	7.21201256876655e+01	0.00000000000000e+00	1
4	5	21	22	7.02799299188679e-02	0.00000000000000e+00	0.00000000000000e+00	0.00000000000000e+00	-2.05083168426343e+04	-3.65052989430225e-03	7.48662237158589e+01	0.00000000000000e+00	1
5	6	22	23	7.02810829880798e-02	0.00000000000000e+00	0.00000000000000e+00	0.00000000000000e+00	-2.05083168426347e+04	-3.97190703365367e-03	8.14571279156587e+01	0.00000000000000e+00	1
6	7	23	24	7.02825800249910e-02	0.00000000000000e+00	0.00000000000000e+00	0.00000000000000e+00	-2.05083168426347e+04	-3.44669798003766e-03	7.06859742354813e+01	0.00000000000000e+00	1
7	8	24	25	7.02832836718209e-02	0.00000000000000e+00	0.00000000000000e+00	0.00000000000000e+00	-2.05083168426343e+04	-3.88212256336079e-03	7.96157995513428e+01	0.00000000000000e+00	1
8	9	25	26	7.02828005249354e-02	0.00000000000000e+00	0.00000000000000e+00	0.00000000000000e+00	-2.05083168426339e+04	-3.34833857171853e-03	6.86687883252159e+01	0.00000000000000e+00	1
9	10	26	27	7.02812168732973e-02	0.00000000000000e+00	0.00000000000000e+00	0.00000000000000e+00	-2.05083168426336e+04	-3.52946291932888e-03	7.23833438339232e+01	0.00000000000000e+00	1
10	11	27	28	7.02801639826083e-02	0.00000000000000e+00	0.00000000000000e+00	0.00000000000000e+00	-2.05083168426343e+04	-3.65908192661422e-03	7.50416115041612e+01	0.00000000000000e+00	1
11	12	28	29	7.02849403695137e-02	0.00000000000000e+00	0.00000000000000e+00	0.00000000000000e+00	-2.05083168426339e+04	-3.62401576818907e-03	7.43224636167230e+01	0.00000000000000e+00	1
12	13	29	30	7.03112903054634e-02	0.00000000000000e+00	0.00000000000000e+00	0.00000000000000e+00	-2.05083168426336e+04	-3.50950889974284e-03	7.19741204779685e+01	0.00000000000000e+00	1
13	14	30	31	7.03735986360057e-02	0.00000000000000e+00	0.00000000000000e+00	0.00000000000000e+00	-2.05083168426343e+04	-2.57937120163419e-03	5.28985618578802e+01	0.00000000000000e+00	1
1	2	19	20	7.03560571559072e-02	0.00000000000000e+00	0.00000000000000e+00	0.00000000000000e+00	-2.43536262506271e+04	-3.03758021413797e-03	7.39760932414161e+01	0.00000000000000e+00	1
2	3	20	21	7.03254535393010e-02	0.00000000000000e+00	0.00000000000000e+00	0.00000000000000e+00	-2.43536262506276e+04	-3.04815674947697e-03	7.42336702300901e+01	0.00000000000000e+00	1
3	4	21	22	7.03212817285892e-02	0.00000000000000e+00	0.00000000000000e+00	0.00000000000000e+00	-2.43536262506276e+04	-3.16786861308329e-03	7.71490882141247e+01	0.00000000000000e+00	1
4	5	22	23	7.03233099883772e-02	0.00000000000000e+00	0.00000000000000e+00	0.00000000000000e+00	-2.43536262506271e+04	-3.61659221325920e-03	8.80771350626429e+01	0.00000000000000e+00	1
5	6	23	24	7.03257388151144e-02	0.00000000000000e+00	0.00000000000000e+00	0.00000000000000e+00	-2.43536262506266e+04	-3.38894882999328e-03	8.25331931881546e+01	0.00000000000000e+00	1
6	7	24	25	7.03270762610660e-02	0.00000000000000e+00	0.00000000000000e+00	0.00000000000000e+00	-2.43536262506271e+04	-3.29864484604863e-03	8.03339637142257e+01	0.00000000000000e+00	1
7	8	25	26	7.03270697369466e-02	0.00000000000000e+00	0.00000000000000e+00	0.00000000000000e+00	-2.43536262506282e+04	-3.28773581339423e-03	8.00682892102080e+01	0.00000000000000e+00	1
8	9	26	27	7.03259824575960e-02	0.00000000000000e+00	0.00000000000000e+00	0.00000000000000e+00	-2.43536262506276e+04	-3.05991750925222e-03	7.45200873780801e+01	0.00000000000000e+00	1
9	10	27	28	7.03236345179360e-02	0.00000000000000e+00	0.00000000000000e+00	0.00000000000000e+00	-2.43536262506271e+04	-2.94361990477949e-03	7.16878189849062e+01	0.00000000000000e+00	1
10	11	28	29	7.03216791098438e-02	0.00000000000000e+00	0.00000000000000e+00	0.00000000000000e+00	-2.43536262506282e+04	-3.52654228122085e-03	8.58840926738901e+01	0.00000000000000e+00	1
11	12	29	30	7.03263020782005e-02	0.00000000000000e+00	0.00000000000000e+00	0.00000000000000e+00	-2.43536262506276e+04	-3.01494928175818e-03	7.34249479725370e+01	0.00000000000000e+00	1
12	13	30	31	7.03557265844529e-02	0.00000000000000e+00	0.00000000000000e+00	0.00000000000000e+00	-2.43536262506271e+04	-3.05312105177319e-03	7.43545689928059e+01	0.00000000000000e+00	1
1	2	20	21	7.03687535775449e-02	0.00000000000000e+00	0.00000000000000e+00	0.00000000000000e+00	-2.86513250007400e+04	-2.55474971275564e-03	7.31969643157092e+01	0.00000000000000e+00	1
2	3	21	22	7.03646361049088e-02	0.00000000000000e+00	0.00000000000000e+00	0.00000000000000e+00	-2.86513250007400e+04	-2.78089022069503e-03	7.96761895045130e+01	0.00000000000000e+00	1
3	4	22	23	7.03675868041957e-02	0.00000000000000e+00	0.00000000000000e+00	0.00000000000000e+00	-2.86513250007400e+04	-2.68384035034383e-03	7.68955821278011e+01	0.00000000000000e+00	1
4	5	23	24	7.03709458020513e-02	0.00000000000000e+00	0.00000000000000e+00	0.00000000000000e+00	-2.86513250007400e+04	-2.68090171416013e-03	7.68113863074430e+01	0.00000000000000e+00	1
5	6	24	25	7.03731623119416e-02	0.00000000000000e+00	0.00000000000000e+00	0.00000000000000e+00	-2.86513250007408e+04	-2.85114517637690e-03	8.16890870726689e+01	0.00000000000000e+00	1
6	7	25	26	7.03737581101758e-02	0.00000000000000e+00	0.00000000000000e+00	0.00000000000000e+00	-2.86513250007393e+04	-2.39294472981960e-03	6.85610371628678e+01	0.00000000000000e+00	1
7	8	26	27	7.03731792841386e-02	0.00000000000000e+00	0.00000000000000e+00	0.00000000000000e+00	-2.86513250007386e+04	-2.54809076005042e-03	7.30061764975836e+01	0.00000000000000e+00	1
8	9	27	28	7.03713948058722e-02	0.00000000000000e+00	0.00000000000000e+00	0.00000000000000e+00	-2.86513250007408e+04	-2.67059989101793e-03	7.65162254244974e+01	0.00000000000000e+00	1
9	10	28	29	7.03680865238875e-02	0.00000000000000e+00	0.00000000000000e+00	0.00000000000000e+00	-2.86513250007393e+04	-3.02070312163429e-03	8.65471468686919e+01	0.00000000000000e+00	1
10	11	29	30	7.03652084764170e-02	0.00000000000000e+00	0.00000000000000e+00	0.00000000000000e+00	-2.86513250007386e+04	-2.74227819719456e-03	7.85699038702608e+01	0.00000000000000e+00	1
11	12	30	31	7.03697438450398e-02	0.00000000000000e+00	0.00000000000000e+00	0.00000000000000e+00	-2.86513250007408e+04	-2.47735774946755e-03	7.09795820230983e+01	0.00000000000000e+00	1
1	2	21	22	7.04101468577599e-02	0.00000000000000e+00	0.00000000000000e+00	0.00000000000000e+00	-3.34265458341953e+04	-2.35906661883848e-03	7.88554484605245e+01	0.00000000000000e+00	1
2	3	22	23	7.04139056347359e-02	0.00000000000000e+00	0.00000000000000e+00	0.00000000000000e+00	-3.34265458341953e+04	-2.46830525834553e-03	8.25069188508721e+01	0.00000000000000e+00	1
3	4	23	24	7.04182225530892e-02	0.00000000000000e+00	0.00000000000000e+00	0.00000000000000e+00	-3.34265458341963e+04	-2.52882990648549e-03	8.45300487760237e+01	0.00000000000000e+00	1
4	5	24	25	7.04212825121327e-02	0.00000000000000e+00	0.00000000000000e+00	0.00000000000000e+00	-3.34265458341953e+04	-2.22693937651287e-03	7.44388911389817e+01	0.00000000000000e+00	1
5	6	25	26	7.04227093894668e-02	0.00000000000000e+00	0.00000000000000e+00	0.00000000000000e+00	-3.34265458341953e+04	-2.53276872676551e-03	8.46617099326438e+01	0.00000000000000e+00	1
6	7	26	27	7.04227391591356e-02	0.00000000000000e+00	0.00000000000000e+00	0.00000000000000e+00	-3.34265458341973e+04	-2.41365743832555e-03	8.06802309902403e+01	0.00000000000000e+00	1
7	8	27	28	7.04215203833296e-02	0.00000000000000e+00	0.00000000000000e+00	0.00000000000000e+00	-3.34265458341953e+04	-2.34207476322943e-03	7.82874694202007e+01	0.00000000000000e+00	1
8	9	28	29	7.04188508512252e-02	0.00000000000000e+00	0.00000000000000e+00	0.00000000000000e+00	-3.34265458341953e+04	-2.29268291622489e-03	7.66364705824680e+01	0.00000000000000e+00	1
9	10	29	30	7.04145792474118e-02	0.00000000000000e+00	0.00000000000000e+00	0.00000000000000e+00	-3.34265458341973e+04	-2.51677010909029e-03	8.41269314056443e+01	0.00000000000000e+00	1
10	11	30	31	7.04108260770139e-02	0.00000000000000e+00	0.00000000000000e+00	0.00000000000000e+00	-3.34265458341953e+04	-2.60662300154539e-03	8.71304032336248e+01	0.00000000000000e+00	1
1	2	22	23	7.04624443812550e-02	0.00000000000000e+00	0.00000000000000e+00	0.00000000000000e+00	-3.87044214922249e+04	-1.97248106769696e-03	7.63437386295769e+01	0.00000000000000e+00	1
2	3	23	24	7.04675852153154e-02	0.00000000000000e+00	0.00000000000000e+00	0.00000000000000e+00	-3.87044214922236e+04	-2.31749376148440e-03	8.96972553500909e+01	0.00000000000000e+00	1
3	4	24	25	7.04714964883673e-02	0.00000000000000e+00	0.00000000000000e+00	0.00000000000000e+00	-3.87044214922236e+04	-2.11787153481137e-03	8.19709925497218e+01	0.00000000000000e+00	1
4	5	25	26	7.04736921752791e-02	0.00000000000000e+00	0.00000000000000e+00	0.00000000000000e+00	-3.87044214922262e+04	-2.42731276962271e-03	9.39477365289405e+01	0.00000000000000e+00	1
5	6	26	27	7.04745341574788e-02	0.00000000000000e+00	0.00000000000000e+00	0.00000000000000e+00	-3.87044214922236e+04	-2.32340568061477e-03	8.99260727599408e+01	0.00000000000000e+00	1
6	7	27	28	7.04739552922701e-02	0.00000000000000e+00	0.00000000000000e+00	0.00000000000000e+00	-3.87044214922249e+04	-2.09857009190435e-03	8.12239413680431e+01	0.00000000000000e+00	1
7	8	28	29	7.04719270543368e-02	0.00000000000000e+00	0.00000000000000e+00	0.00000000000000e+00	-3.87044214922262e+04	-2.25664215674166e-03	8.73420291916557e+01	0.00000000000000e+00	1
8	9	29	30	7.04683791711108e-02	0.00000000000000e+00	0.00000000000000e+00	0.00000000000000e+00	-3.87044214922236e+04	-2.31602874077327e-03	8.96405525709926e+01	0.00000000000000e+00	1
9	10	30	31	7.04632062632885e-02	0.00000000000000e+00	0.00000000000000e+00	0.00000000000000e+00	-3.87044214922249e+04	-2.08524940172282e-03	8.07083717606899e+01	0.00000000000000e+00	1
1	2	23	24	7.05192552046924e-02	0.00000000000000e+00	0.00000000000000e+00	0.00000000000000e+00	-4.45100847160644e+04	-2.04451816264153e-03	9.10016766227068e+01	0.00000000000000e+00	1
2	3	24	25	7.05238630127202e-02	0.00000000000000e+00	0.00000000000000e+00	0.00000000000000e+00	-4.45100847160627e+04	-1.99804085659615e-03	8.89329677932489e+01	0.00000000000000e+00	1
3	4	25	26	7.05268213294944e-02	0.00000000000000e+00	0.00000000000000e+00	0.00000000000000e+00	-4.45100847160627e+04	-2.05216622145363e-03	9.13420923683434e+01	0.00000000000000e+00	1
4	5	26	27	7.05283832853072e-02	0.00000000000000e+00	0.00000000000000e+00	0.00000000000000e+00	-4.45100847160627e+04	-1.88674150165599e-03	8.39790240760196e+01	0.00000000000000e+00	1
5	6	27	28	7.05286195683404e-02	0.00000000000000e+00	0.00000000000000e+00	0.00000000000000e+00	-4.45100847160610e+04	-1.71007387964393e-03	7.61155332536743e+01	0.00000000000000e+00	1
6	7	28	29	7.05272821284060e-02	0.00000000000000e+00	0.00000000000000e+00	0.00000000000000e+00	-4.45100847160610e+04	-1.88910545872373e-03	8.40842440053666e+01	0.00000000000000e+00	1
7	8	29	30	7.05244666415917e-02	0.00000000000000e+00	0.00000000000000e+00	0.00000000000000e+00	-4.45100847160627e+04	-1.80511472050101e-03	8.03458091317117e+01	0.00000000000000e+00	1
8	9	30	31	7.05201127874587e-02	0.00000000000000e+00	0.00000000000000e+00	0.00000000000000e+00	-4.45100847160610e+04	-1.77004176934142e-03	7.87847091043533e+01	0.00000000000000e+00	1
1	2	24	25	7.05786042775055e-02	0.00000000000000e+00	0.00000000000000e+00	0.00000000000000e+00	-5.08686682469235e+04	-1.65285987447680e-03	8.40787806134117e+01	0.00000000000000e+00	1
2	3	25	26	7.05821558020637e-02	0.00000000000000e+00	0.00000000000000e+00	0.00000000000000e+00	-5.08686682469235e+04	-1.74551958563816e-03	8.87922567203351e+01	0.00000000000000e+00	1
3	4	26	27	7.05844141969594e-02	0.00000000000000e+00	0.00000000000000e+00	0.00000000000000e+00	-5.08686682469235e+04	-1.71013360400882e-03	8.69922189602401e+01	0.00000000000000e+00	1
4	5	27	28	7.05853446308917e-02	0.00000000000000e+00	0.00000000000000e+00	0.00000000000000e+00	-5.08686682469235e+04	-1.71261370614871e-03	8.71183784532127e+01	0.00000000000000e+00	1
5	6	28	29	7.05848435147797e-02	0.00000000000000e+00	0.00000000000000e+00	0.00000000000000e+00	-5.08686682469257e+04	-1.68071726019840e-03	8.54958487259144e+01	0.00000000000000e+00	1
6	7	29	30	7.05827829204028e-02	0.00000000000000e+00	0.00000000000000e+00	0.00000000000000e+00	-5.08686682469235e+04	-1.72216448319689e-03	8.76042137623772e+01	0.00000000000000e+00	1
7	8	30	31	7.05792683933614e-02	0.00000000000000e+00	0.00000000000000e+00	0.00000000000000e+00	-5.08686682469235e+04	-1.72286178821343e-03	8.76396847399301e+01	0.00000000000000e+00	1
1	2	25	26	7.06399366073920e-02	0.00000000000000e+00	0.00000000000000e+00	0.00000000000000e+00	-5.78053048260513e+04	-1.47947231408245e-03	8.55213480972397e+01	0.00000000000000e+00	1
2	3	26	27	7.06427072865952e-02	0.00000000000000e+00	0.00000000000000e+00	0.00000000000000e+00	-5.78053048260513e+04	-1.58966690420071e-03	9.18911799692075e+01	0.00000000000000e+00	1
3	4	27	28	7.06442918408473e-02	0.00000000000000e+00	0.00000000000000e+00	0.00000000000000e+00	-5.78053048260513e+04	-1.35275649037302e-03	7.81965012814314e+01	0.00000000000000e+00	1
4	5	28	29	7.06444797478021e-02	0.00000000000000e+00	0.00000000000000e+00	0.00000000000000e+00	-5.78053048260513e+04	-1.52730004132494e-03	8.82860444496289e+01	0.00000000000000e+00	1
5	6	29	30	7.06432852699765e-02	0.00000000000000e+00	0.00000000000000e+00	0.00000000000000e+00	-5.78053048260513e+04	-1.52182441530517e-03	8.79695242184425e+01	0.00000000000000e+00	1
6	7	30	31	7.06406021077427e-02	0.00000000000000e+00	0.00000000000000e+00	0.00000000000000e+00	-5.78053048260542e+04	-1.38751557249016e-03	8.02057606186908e+01	0.00000000000000e+00	1
1	2	26	27	7.07035082861005e-02	0.00000000000000e+00	0.00000000000000e+00	0.00000000000000e+00	-6.53451271946741e+04	-1.27527760619159e-03	8.33331773851090e+01	0.00000000000000e+00	1
2	3	27	28	7.07055510729640e-02	0.00000000000000e+00	0.00000000000000e+00	0.00000000000000e+00	-6.53451271946778e+04	-1.41689034781791e-03	9.25868799990727e+01	0.00000000000000e+00	1
3	4	28	29	7.07063731339722e-02	0.00000000000000e+00	0.00000000000000e+00	0.00000000000000e+00	-6.53451271946741e+04	-1.43822878795310e-03	9.39812430838372e+01	0.00000000000000e+00	1
4	5	29	30	7.07058706124987e-02	0.00000000000000e+00	0.00000000000000e+00	0.00000000000000e+00	-6.53451271946741e+04	-1.39125776664810e-03	9.09119157221985e+01	0.00000000000000e+00	1
5	6	30	31	7.07040905860418e-02	0.00000000000000e+00	0.00000000000000e+00	0.00000000000000e+00	-6.53451271946741e+04	-1.39809126467021e-03	9.13584515196376e+01	0.00000000000000e+00	1
1	2	27	28	7.07693707336800e-02	0.00000000000000e+00	0.00000000000000e+00	0.00000000000000e+00	-7.35132680939932e+04	-1.39779321385737e-03	1.02756347270261e+02	0.00000000000000e+00	1
2	3	28	29	7.07706227400932e-02	0.00000000000000e+00	0.00000000000000e+00	0.00000000000000e+00	-7.35132680939979e+04	-1.63075191093619e-03	1.19881902423452e+02	0.00000000000000e+00	1
3	4	29	30	7.07707415630622e-02	0.00000000000000e+00	0.00000000000000e+00	0.00000000000000e+00	-7.35132680940026e+04	-1.25417482692754e-03	9.21984902886733e+01	0.00000000000000e+00	1
4	5	30	31	7.07696622545739e-02	0.00000000000000e+00	0.00000000000000e+00	0.00000000000000e+00	-7.35132680939932e+04	-1.26856583389424e-03	9.32564202419471e+01	0.00000000000000e+00	1
1	2	28	29	7.08374774933896e-02	0.00000000000000e+00	0.00000000000000e+00	0.00000000000000e+00	-8.23348602652768e+04	-1.17171029367280e-03	9.64726033009364e+01	0.00000000000000e+00	1
2	3	29	30	7.08380064470947e-02	0.00000000000000e+00	0.00000000000000e+00	0.00000000000000e+00	-8.23348602652651e+04	-1.26723531625847e-03	1.04337642687350e+02	0.00000000000000e+00	1
3	4	30	31	7.08375400328524e-02	0.00000000000000e+00	0.00000000000000e+00	0.00000000000000e+00	-8.23348602652709e+04	-1.21738326751522e-03	1.00233081220144e+02	0.00000000000000e+00	1
1	2	29	30	7.09079135675249e-02	0.00000000000000e+00	0.00000000000000e+00	0.00000000000000e+00	-9.18350364497422e+04	-1.01655858181421e-03	9.33556944142060e+01	0.00000000000000e+00	1
2	3	30	31	7.09078422040049e-02	0.00000000000000e+00	0.00000000000000e+00	0.00000000000000e+00	-9.18350364497568e+04	-1.05030493923302e-03	9.64547923778241e+01	0.00000000000000e+00	1
1	2	30	31	7.09808160917572e-02	0.00000000000000e+00	0.00000000000000e+00	0.00000000000000e+00	-1.02038929388591e+05	-9.39564593053716e-04	9.58721651666280e+01	0.00000000000000e+00	1
0
