31
# x y z
-20	0	0
-18.666666666667	0	0
-17.333333333333	0	0
-16	0	0
-14.666666666667	0	0
-13.333333333333	0	0
-12	0	0
-10.666666666667	0	0
-9.3333333333333	0	0
-8	0	0
-6.6666666666667	0	0
-5.3333333333333	0	0
-4	0	0
-2.6666666666667	0	0
-1.3333333333333	0	0
0	0	0
1.3333333333333	0	0
2.6666666666667	0	0
4	0	0
5.3333333333333	0	0
6.6666666666667	0	0
8	0	0
9.3333333333333	0	0
10.666666666667	0	0
12	0	0
13.333333333333	0	0
14.666666666667	0	0
16	0	0
17.333333333333	0	0
18.666666666667	0	0
20	0	0
406
# a b m n err i ip iperr k r rhoa u valid 
1	2	3	4	1.00000252602074e-01	0.00000000000000e+00	0.00000000000000e+00	0.00000000000000e+00	-2.51327412287184e+01	-3.57543260884093e+00	8.98604225387209e+01	0.00000000000000e+00	1
2	3	4	5	1.00000252804153e-01	0.00000000000000e+00	0.00000000000000e+00	0.00000000000000e+00	-2.51327412287183e+01	-3.65537051516683e+00	9.18694812527746e+01	0.00000000000000e+00	1
3	4	5	6	1.00000252550260e-01	0.00000000000000e+00	0.00000000000000e+00	0.00000000000000e+00	-2.51327412287183e+01	-3.88485459087782e+00	9.76370451437307e+01	0.00000000000000e+00	1
4	5	6	7	1.00000252322149e-01	0.00000000000000e+00	0.00000000000000e+00	0.00000000000000e+00	-2.51327412287184e+01	-4.07345239736839e+00	1.02377025010562e+02	0.00000000000000e+00	1
5	6	7	8	1.00000252397538e-01	0.00000000000000e+00	0.00000000000000e+00	0.00000000000000e+00	-2.51327412287184e+01	-3.69028444399968e+00	9.27469639914089e+01	0.00000000000000e+00	1
6	7	8	9	1.00000252651803e-01	0.00000000000000e+00	0.00000000000000e+00	0.00000000000000e+00	-2.51327412287183e+01	-3.63073609338131e+00	9.12503507047201e+01	0.00000000000000e+00	1
7	8	9	10	1.00000252731761e-01	0.00000000000000e+00	0.00000000000000e+00	0.00000000000000e+00	-2.51327412287184e+01	-3.84330616070845e+00	9.65928191998245e+01	0.00000000000000e+00	1
8	9	10	11	1.00000252484576e-01	0.00000000000000e+00	0.00000000000000e+00	0.00000000000000e+00	-2.51327412287184e+01	-4.46834644114903e+00	1.12301794825663e+02	0.00000000000000e+00	1
9	10	11	12	1.00000252179382e-01	0.00000000000000e+00	0.00000000000000e+00	0.00000000000000e+00	-2.51327412287183e+01	-3.95748689151073e+00	9.94624939603839e+01	0.00000000000000e+00	1
10	11	12	13	1.00000251919731e-01	0.00000000000000e+00	0.00000000000000e+00	0.00000000000000e+00	-2.51327412287184e+01	-4.09083050169567e+00	1.02813784409666e+02	0.00000000000000e+00	1
11	12	13	14	1.00000251423900e-01	0.00000000000000e+00	0.00000000000000e+00	0.00000000000000e+00	-2.51327412287184e+01	-3.80614121547615e+00	9.56587622485216e+01	0.00000000000000e+00	1
12	13	14	15	1.00000251345909e-01	0.00000000000000e+00	0.00000000000000e+00	0.00000000000000e+00	-2.51327412287183e+01	-3.68397286382971e+00	9.25883366802525e+01	0.00000000000000e+00	1
13	14	15	16	1.00000251232422e-01	0.00000000000000e+00	0.00000000000000e+00	0.00000000000000e+00	-2.51327412287183e+01	-4.02395773453414e+00	1.01133088457346e+02	0.00000000000000e+00	1
14	15	16	17	1.00000251037172e-01	0.00000000000000e+00	0.00000000000000e+00	0.00000000000000e+00	-2.51327412287184e+01	-3.80402195962588e+00	9.56054995396397e+01	0.00000000000000e+00	1
15	16	17	18	1.00000250899600e-01	0.00000000000000e+00	0.00000000000000e+00	0.00000000000000e+00	-2.51327412287183e+01	-3.26359309495502e+00	8.20230407313362e+01	0.00000000000000e+00	1
16	17	18	19	1.00000250745360e-01	0.00000000000000e+00	0.00000000000000e+00	0.00000000000000e+00	-2.51327412287183e+01	-4.75058468289661e+00	1.19395215520353e+02	0.00000000000000e+00	1
17	18	19	20	1.00000250524650e-01	0.00000000000000e+00	0.00000000000000e+00	0.00000000000000e+00	-2.51327412287184e+01	-4.22336843827853e+00	1.06144826072791e+02	0.00000000000000e+00	1
18	19	20	21	1.00000250434674e-01	0.00000000000000e+00	0.00000000000000e+00	0.00000000000000e+00	-2.51327412287183e+01	-3.94368578400446e+00	9.91156342967591e+01	0.00000000000000e+00	1
19	20	21	22	1.00000250586738e-01	0.00000000000000e+00	0.00000000000000e+00	0.00000000000000e+00	-2.51327412287183e+01	-4.10017312125709e+00	1.03048590049501e+02	0.00000000000000e+00	1
20	21	22	23	1.00000250720639e-01	0.00000000000000e+00	0.00000000000000e+00	0.00000000000000e+00	-2.51327412287184e+01	-4.54963635517163e+00	1.14344833199298e+02	0.00000000000000e+00	1
21	22	23	24	1.00000250613423e-01	0.00000000000000e+00	0.00000000000000e+00	0.00000000000000e+00	-2.51327412287183e+01	-3.77306695035037e+00	9.48275153017852e+01	0.00000000000000e+00	1
22	23	24	25	1.00000250645559e-01	0.00000000000000e+00	0.00000000000000e+00	0.00000000000000e+00	-2.51327412287183e+01	-3.69109045498834e+00	9.27672212570140e+01	0.00000000000000e+00	1
23	24	25	26	1.00000250719913e-01	0.00000000000000e+00	0.00000000000000e+00	0.00000000000000e+00	-2.51327412287185e+01	-3.49100139800646e+00	8.77384347651907e+01	0.00000000000000e+00	1
24	25	26	27	1.00000250909907e-01	0.00000000000000e+00	0.00000000000000e+00	0.00000000000000e+00	-2.51327412287181e+01	-3.80606440646991e+00	9.56568318276429e+01	0.00000000000000e+00	1
25	26	27	28	1.00000251032445e-01	0.00000000000000e+00	0.00000000000000e+00	0.00000000000000e+00	-2.51327412287184e+01	-3.61129132049397e+00	9.07616502594920e+01	0.00000000000000e+00	1
26	27	28	29	1.00000251126293e-01	0.00000000000000e+00	0.00000000000000e+00	0.00000000000000e+00	-2.51327412287184e+01	-3.22075133855270e+00	8.09463099538935e+01	0.00000000000000e+00	1
27	28	29	30	1.00000251146128e-01	0.00000000000000e+00	0.00000000000000e+00	0.00000000000000e+00	-2.51327412287181e+01	-4.18488926508618e+00	1.05177738970251e+02	0.00000000000000e+00	1
28	29	30	31	1.00000251185224e-01	0.00000000000000e+00	0.00000000000000e+00	0.00000000000000e+00	-2.51327412287184e+01	-3.64045820194937e+00	9.14946939435593e+01	0.00000000000000e+00	1
1	2	4	5	1.00001037146155e-01	0.00000000000000e+00	0.00000000000000e+00	0.00000000000000e+00	-1.00530964914874e+02	-8.39772276647958e-01	8.44231172801794e+01	0.00000000000000e+00	1
2	3	5	6	1.00001028169953e-01	0.00000000000000e+00	0.00000000000000e+00	0.00000000000000e+00	-1.00530964914873e+02	-8.19355223790775e-01	8.23705712557284e+01	0.00000000000000e+00	1
3	4	6	7	1.00001016028449e-01	0.00000000000000e+00	0.00000000000000e+00	0.00000000000000e+00	-1.00530964914873e+02	-1.07598577034896e+00	1.08169887727854e+02	0.00000000000000e+00	1
4	5	7	8	1.00001010747232e-01	0.00000000000000e+00	0.00000000000000e+00	0.00000000000000e+00	-1.00530964914874e+02	-9.67734940514857e-01	9.72873273517964e+01	0.00000000000000e+00	1
5	6	8	9	1.00001016016782e-01	0.00000000000000e+00	0.00000000000000e+00	0.00000000000000e+00	-1.00530964914873e+02	-9.45518298582958e-01	9.50538669012140e+01	0.00000000000000e+00	1
6	7	9	10	1.00001025715659e-01	0.00000000000000e+00	0.00000000000000e+00	0.00000000000000e+00	-1.00530964914873e+02	-1.04399373504237e+00	1.04953697548892e+02	0.00000000000000e+00	1
7	8	10	11	1.00001033494181e-01	0.00000000000000e+00	0.00000000000000e+00	0.00000000000000e+00	-1.00530964914874e+02	-9.15955311180736e-01	9.20818712519028e+01	0.00000000000000e+00	1
8	9	11	12	1.00001036105530e-01	0.00000000000000e+00	0.00000000000000e+00	0.00000000000000e+00	-1.00530964914873e+02	-8.67235881305865e-01	8.71840599564791e+01	0.00000000000000e+00	1
9	10	12	13	1.00001035012174e-01	0.00000000000000e+00	0.00000000000000e+00	0.00000000000000e+00	-1.00530964914873e+02	-9.26990973009739e-01	9.31912969840462e+01	0.00000000000000e+00	1
10	11	13	14	1.00001030906960e-01	0.00000000000000e+00	0.00000000000000e+00	0.00000000000000e+00	-1.00530964914874e+02	-9.09181443207659e-01	9.14008877683633e+01	0.00000000000000e+00	1
11	12	14	15	1.00001026930372e-01	0.00000000000000e+00	0.00000000000000e+00	0.00000000000000e+00	-1.00530964914873e+02	-9.67603857152241e-01	9.72741494148680e+01	0.00000000000000e+00	1
12	13	15	16	1.00001025888112e-01	0.00000000000000e+00	0.00000000000000e+00	0.00000000000000e+00	-1.00530964914873e+02	-9.63278241916287e-01	9.68392911413469e+01	0.00000000000000e+00	1
13	14	16	17	1.00001024166027e-01	0.00000000000000e+00	0.00000000000000e+00	0.00000000000000e+00	-1.00530964914874e+02	-1.00539209252592e+00	1.01073037179414e+02	0.00000000000000e+00	1
14	15	17	18	1.00001022638391e-01	0.00000000000000e+00	0.00000000000000e+00	0.00000000000000e+00	-1.00530964914874e+02	-1.07491207348349e+00	1.08061947945943e+02	0.00000000000000e+00	1
15	16	18	19	1.00001021900170e-01	0.00000000000000e+00	0.00000000000000e+00	0.00000000000000e+00	-1.00530964914873e+02	-1.07190555292763e+00	1.07759699533425e+02	0.00000000000000e+00	1
16	17	19	20	1.00001021528390e-01	0.00000000000000e+00	0.00000000000000e+00	0.00000000000000e+00	-1.00530964914874e+02	-9.68380581416391e-01	9.73522342546161e+01	0.00000000000000e+00	1
17	18	20	21	1.00001021933727e-01	0.00000000000000e+00	0.00000000000000e+00	0.00000000000000e+00	-1.00530964914874e+02	-1.22776568260356e+00	1.23428468761505e+02	0.00000000000000e+00	1
18	19	21	22	1.00001024501931e-01	0.00000000000000e+00	0.00000000000000e+00	0.00000000000000e+00	-1.00530964914873e+02	-9.43591198096479e-01	9.48601336298202e+01	0.00000000000000e+00	1
19	20	22	23	1.00001027042981e-01	0.00000000000000e+00	0.00000000000000e+00	0.00000000000000e+00	-1.00530964914874e+02	-9.65029986512359e-01	9.70153957158750e+01	0.00000000000000e+00	1
20	21	23	24	1.00001024705668e-01	0.00000000000000e+00	0.00000000000000e+00	0.00000000000000e+00	-1.00530964914874e+02	-9.98784984945167e-01	1.00408818279025e+02	0.00000000000000e+00	1
21	22	24	25	1.00001020761255e-01	0.00000000000000e+00	0.00000000000000e+00	0.00000000000000e+00	-1.00530964914873e+02	-9.00819815824129e-01	9.05602852992379e+01	0.00000000000000e+00	1
22	23	25	26	1.00001019040755e-01	0.00000000000000e+00	0.00000000000000e+00	0.00000000000000e+00	-1.00530964914874e+02	-8.84907641972286e-01	8.89606191080196e+01	0.00000000000000e+00	1
23	24	26	27	1.00001019739971e-01	0.00000000000000e+00	0.00000000000000e+00	0.00000000000000e+00	-1.00530964914873e+02	-1.07229170283037e+00	1.07798519555750e+02	0.00000000000000e+00	1
24	25	27	28	1.00001021269087e-01	0.00000000000000e+00	0.00000000000000e+00	0.00000000000000e+00	-1.00530964914873e+02	-8.90288587834954e-01	8.95015707877476e+01	0.00000000000000e+00	1
25	26	28	29	1.00001022589023e-01	0.00000000000000e+00	0.00000000000000e+00	0.00000000000000e+00	-1.00530964914874e+02	-1.02842445425888e+00	1.03388502728698e+02	0.00000000000000e+00	1
26	27	29	30	1.00001023593402e-01	0.00000000000000e+00	0.00000000000000e+00	0.00000000000000e+00	-1.00530964914873e+02	-9.60092996076197e-01	9.65190753035515e+01	0.00000000000000e+00	1
27	28	30	31	1.00001024106523e-01	0.00000000000000e+00	0.00000000000000e+00	0.00000000000000e+00	-1.00530964914873e+02	-1.08246922003066e+00	1.08821675180332e+02	0.00000000000000e+00	1
1	2	5	6	1.00002632177793e-01	0.00000000000000e+00	0.00000000000000e+00	0.00000000000000e+00	-2.51327412287183e+02	-4.23253664017888e-01	1.06375248118685e+02	0.00000000000000e+00	1
2	3	6	7	1.00002544545104e-01	0.00000000000000e+00	0.00000000000000e+00	0.00000000000000e+00	-2.51327412287183e+02	-4.32214288248102e-01	1.08627298618942e+02	0.00000000000000e+00	1
3	4	7	8	1.00002484124983e-01	0.00000000000000e+00	0.00000000000000e+00	0.00000000000000e+00	-2.51327412287184e+02	-4.72081378832892e-01	1.18646991331037e+02	0.00000000000000e+00	1
4	5	8	9	1.00002487894003e-01	0.00000000000000e+00	0.00000000000000e+00	0.00000000000000e+00	-2.51327412287183e+02	-4.73031090798355e-01	1.18885679981734e+02	0.00000000000000e+00	1
5	6	9	10	1.00002538409945e-01	0.00000000000000e+00	0.00000000000000e+00	0.00000000000000e+00	-2.51327412287183e+02	-3.45722943363709e-01	8.68896527239093e+01	0.00000000000000e+00	1
6	7	10	11	1.00002604129000e-01	0.00000000000000e+00	0.00000000000000e+00	0.00000000000000e+00	-2.51327412287183e+02	-3.86012725583446e-01	9.70155794308101e+01	0.00000000000000e+00	1
7	8	11	12	1.00002664474742e-01	0.00000000000000e+00	0.00000000000000e+00	0.00000000000000e+00	-2.51327412287183e+02	-3.59335026708378e-01	9.03107424067626e+01	0.00000000000000e+00	1
8	9	12	13	1.00002696562715e-01	0.00000000000000e+00	0.00000000000000e+00	0.00000000000000e+00	-2.51327412287183e+02	-3.89648129904047e-01	9.79292561913243e+01	0.00000000000000e+00	1
9	10	13	14	1.00002697789380e-01	0.00000000000000e+00	0.00000000000000e+00	0.00000000000000e+00	-2.51327412287183e+02	-3.78574769127833e-01	9.51462170821160e+01	0.00000000000000e+00	1
10	11	14	15	1.00002684111632e-01	0.00000000000000e+00	0.00000000000000e+00	0.00000000000000e+00	-2.51327412287184e+02	-4.11158716836469e-01	1.03335456341829e+02	0.00000000000000e+00	1
11	12	15	16	1.00002670956264e-01	0.00000000000000e+00	0.00000000000000e+00	0.00000000000000e+00	-2.51327412287183e+02	-3.47482338088716e-01	8.73318368473372e+01	0.00000000000000e+00	1
12	13	16	17	1.00002664496971e-01	0.00000000000000e+00	0.00000000000000e+00	0.00000000000000e+00	-2.51327412287183e+02	-3.96573205031407e-01	9.96697174029781e+01	0.00000000000000e+00	1
13	14	17	18	1.00002659311995e-01	0.00000000000000e+00	0.00000000000000e+00	0.00000000000000e+00	-2.51327412287184e+02	-3.17091825854514e-01	7.96938680494334e+01	0.00000000000000e+00	1
14	15	18	19	1.00002661544869e-01	0.00000000000000e+00	0.00000000000000e+00	0.00000000000000e+00	-2.51327412287183e+02	-3.81309143984683e-01	9.58334404391114e+01	0.00000000000000e+00	1
15	16	19	20	1.00002670227978e-01	0.00000000000000e+00	0.00000000000000e+00	0.00000000000000e+00	-2.51327412287183e+02	-3.66973475080892e-01	9.22304938701157e+01	0.00000000000000e+00	1
16	17	20	21	1.00002685039076e-01	0.00000000000000e+00	0.00000000000000e+00	0.00000000000000e+00	-2.51327412287184e+02	-3.51673153546353e-01	8.83851036516784e+01	0.00000000000000e+00	1
17	18	21	22	1.00002705832123e-01	0.00000000000000e+00	0.00000000000000e+00	0.00000000000000e+00	-2.51327412287183e+02	-3.41311958153988e-01	8.57810512255133e+01	0.00000000000000e+00	1
18	19	22	23	1.00002725707392e-01	0.00000000000000e+00	0.00000000000000e+00	0.00000000000000e+00	-2.51327412287183e+02	-3.80280912831537e-01	9.55750177641581e+01	0.00000000000000e+00	1
19	20	23	24	1.00002719973106e-01	0.00000000000000e+00	0.00000000000000e+00	0.00000000000000e+00	-2.51327412287184e+02	-3.86312933047888e-01	9.70910297959979e+01	0.00000000000000e+00	1
20	21	24	25	1.00002689997094e-01	0.00000000000000e+00	0.00000000000000e+00	0.00000000000000e+00	-2.51327412287183e+02	-4.11937696523756e-01	1.03531235290859e+02	0.00000000000000e+00	1
21	22	25	26	1.00002656268497e-01	0.00000000000000e+00	0.00000000000000e+00	0.00000000000000e+00	-2.51327412287183e+02	-3.44510420707183e-01	8.65849125423053e+01	0.00000000000000e+00	1
22	23	26	27	1.00002640297608e-01	0.00000000000000e+00	0.00000000000000e+00	0.00000000000000e+00	-2.51327412287183e+02	-3.96534423046828e-01	9.96599704271505e+01	0.00000000000000e+00	1
23	24	27	28	1.00002639717846e-01	0.00000000000000e+00	0.00000000000000e+00	0.00000000000000e+00	-2.51327412287183e+02	-4.24400869939251e-01	1.06663572414261e+02	0.00000000000000e+00	1
24	25	28	29	1.00002644757521e-01	0.00000000000000e+00	0.00000000000000e+00	0.00000000000000e+00	-2.51327412287183e+02	-4.11457030749081e-01	1.03410430805535e+02	0.00000000000000e+00	1
25	26	29	30	1.00002649738678e-01	0.00000000000000e+00	0.00000000000000e+00	0.00000000000000e+00	-2.51327412287183e+02	-3.30178063375364e-01	8.29827982621240e+01	0.00000000000000e+00	1
26	27	30	31	1.00002654751355e-01	0.00000000000000e+00	0.00000000000000e+00	0.00000000000000e+00	-2.51327412287183e+02	-2.58690615534976e-01	6.50160429853840e+01	0.00000000000000e+00	1
1	2	6	7	1.00005074560582e-01	0.00000000000000e+00	0.00000000000000e+00	0.00000000000000e+00	-5.02654824574368e+02	-2.01211013707615e-01	1.01139686797632e+02	0.00000000000000e+00	1
2	3	7	8	1.00004839984199e-01	0.00000000000000e+00	0.00000000000000e+00	0.00000000000000e+00	-5.02654824574365e+02	-1.72955523013568e-01	8.69369280795525e+01	0.00000000000000e+00	1
3	4	8	9	1.00004767653899e-01	0.00000000000000e+00	0.00000000000000e+00	0.00000000000000e+00	-5.02654824574367e+02	-1.85377873225604e-01	9.31810823461854e+01	0.00000000000000e+00	1
4	5	9	10	1.00004849412121e-01	0.00000000000000e+00	0.00000000000000e+00	0.00000000000000e+00	-5.02654824574368e+02	-2.45875690381633e-01	1.23590602015881e+02	0.00000000000000e+00	1
5	6	10	11	1.00005024090579e-01	0.00000000000000e+00	0.00000000000000e+00	0.00000000000000e+00	-5.02654824574368e+02	-2.01464668196501e-01	1.01267187450245e+02	0.00000000000000e+00	1
6	7	11	12	1.00005239111209e-01	0.00000000000000e+00	0.00000000000000e+00	0.00000000000000e+00	-5.02654824574367e+02	-2.10346712438831e-01	1.05731789840736e+02	0.00000000000000e+00	1
7	8	12	13	1.00005456455059e-01	0.00000000000000e+00	0.00000000000000e+00	0.00000000000000e+00	-5.02654824574368e+02	-1.96411760538484e-01	9.87273190378146e+01	0.00000000000000e+00	1
8	9	13	14	1.00005590261096e-01	0.00000000000000e+00	0.00000000000000e+00	0.00000000000000e+00	-5.02654824574368e+02	-1.71970578305340e-01	8.64418408700232e+01	0.00000000000000e+00	1
9	10	14	15	1.00005618208615e-01	0.00000000000000e+00	0.00000000000000e+00	0.00000000000000e+00	-5.02654824574367e+02	-1.74592491161359e-01	8.77597580167147e+01	0.00000000000000e+00	1
10	11	15	16	1.00005596979484e-01	0.00000000000000e+00	0.00000000000000e+00	0.00000000000000e+00	-5.02654824574365e+02	-1.75036152806495e-01	8.79827666831205e+01	0.00000000000000e+00	1
11	12	16	17	1.00005570668054e-01	0.00000000000000e+00	0.00000000000000e+00	0.00000000000000e+00	-5.02654824574368e+02	-1.70508709662601e-01	8.57070255438564e+01	0.00000000000000e+00	1
12	13	17	18	1.00005565730874e-01	0.00000000000000e+00	0.00000000000000e+00	0.00000000000000e+00	-5.02654824574367e+02	-1.88165798572975e-01	9.45824464725942e+01	0.00000000000000e+00	1
13	14	18	19	1.00005587929905e-01	0.00000000000000e+00	0.00000000000000e+00	0.00000000000000e+00	-5.02654824574365e+02	-1.91373996219806e-01	9.61950624979616e+01	0.00000000000000e+00	1
14	15	19	20	1.00005645112930e-01	0.00000000000000e+00	0.00000000000000e+00	0.00000000000000e+00	-5.02654824574368e+02	-1.84642469711075e-01	9.28114282215983e+01	0.00000000000000e+00	1
15	16	20	21	1.00005730734050e-01	0.00000000000000e+00	0.00000000000000e+00	0.00000000000000e+00	-5.02654824574365e+02	-2.09857440604670e-01	1.05485854992766e+02	0.00000000000000e+00	1
16	17	21	22	1.00005831033565e-01	0.00000000000000e+00	0.00000000000000e+00	0.00000000000000e+00	-5.02654824574365e+02	-1.72132298070827e-01	8.65231300903739e+01	0.00000000000000e+00	1
17	18	22	23	1.00005921684433e-01	0.00000000000000e+00	0.00000000000000e+00	0.00000000000000e+00	-5.02654824574368e+02	-1.57658633163834e-01	7.92478725956016e+01	0.00000000000000e+00	1
18	19	23	24	1.00005938594841e-01	0.00000000000000e+00	0.00000000000000e+00	0.00000000000000e+00	-5.02654824574365e+02	-1.48989033978167e-01	7.48900567377994e+01	0.00000000000000e+00	1
19	20	24	25	1.00005859450144e-01	0.00000000000000e+00	0.00000000000000e+00	0.00000000000000e+00	-5.02654824574365e+02	-1.67935371341390e-01	8.44135246214371e+01	0.00000000000000e+00	1
20	21	25	26	1.00005709458421e-01	0.00000000000000e+00	0.00000000000000e+00	0.00000000000000e+00	-5.02654824574369e+02	-1.39705033979976e-01	7.02234093473611e+01	0.00000000000000e+00	1
21	22	26	27	1.00005570231830e-01	0.00000000000000e+00	0.00000000000000e+00	0.00000000000000e+00	-5.02654824574364e+02	-1.65925268634390e-01	8.34031367978736e+01	0.00000000000000e+00	1
22	23	27	28	1.00005498438002e-01	0.00000000000000e+00	0.00000000000000e+00	0.00000000000000e+00	-5.02654824574365e+02	-1.52505884189393e-01	7.66578184637776e+01	0.00000000000000e+00	1
23	24	28	29	1.00005483525210e-01	0.00000000000000e+00	0.00000000000000e+00	0.00000000000000e+00	-5.02654824574369e+02	-1.80276139932081e-01	9.06166714925047e+01	0.00000000000000e+00	1
24	25	29	30	1.00005491408465e-01	0.00000000000000e+00	0.00000000000000e+00	0.00000000000000e+00	-5.02654824574364e+02	-2.04139837742634e-01	1.02611874329163e+02	0.00000000000000e+00	1
25	26	30	31	1.00005505058781e-01	0.00000000000000e+00	0.00000000000000e+00	0.00000000000000e+00	-5.02654824574368e+02	-1.96893757915659e-01	9.89695973448838e+01	0.00000000000000e+00	1
1	2	7	8	1.00008293798363e-01	0.00000000000000e+00	0.00000000000000e+00	0.00000000000000e+00	-8.79645943005146e+02	-1.34683865377739e-01	1.18474115767779e+02	0.00000000000000e+00	1
2	3	8	9	1.00008033467455e-01	0.00000000000000e+00	0.00000000000000e+00	0.00000000000000e+00	-8.79645943005140e+02	-1.16764154852868e-01	1.02711115104749e+02	0.00000000000000e+00	1
3	4	9	10	1.00008038859071e-01	0.00000000000000e+00	0.00000000000000e+00	0.00000000000000e+00	-8.79645943005140e+02	-1.15409292830781e-01	1.01519316223689e+02	0.00000000000000e+00	1
4	5	10	11	1.00008258780794e-01	0.00000000000000e+00	0.00000000000000e+00	0.00000000000000e+00	-8.79645943005146e+02	-1.28223910968650e-01	1.12791643079826e+02	0.00000000000000e+00	1
5	6	11	12	1.00008627879773e-01	0.00000000000000e+00	0.00000000000000e+00	0.00000000000000e+00	-8.79645943005140e+02	-1.11668530795087e-01	9.82287700752428e+01	0.00000000000000e+00	1
6	7	12	13	1.00009096779723e-01	0.00000000000000e+00	0.00000000000000e+00	0.00000000000000e+00	-8.79645943005140e+02	-1.21485703154077e-01	1.06864405912611e+02	0.00000000000000e+00	1
7	8	13	14	1.00009614649482e-01	0.00000000000000e+00	0.00000000000000e+00	0.00000000000000e+00	-8.79645943005146e+02	-1.09901454701512e-01	9.66743687585492e+01	0.00000000000000e+00	1
8	9	14	15	1.00009969620975e-01	0.00000000000000e+00	0.00000000000000e+00	0.00000000000000e+00	-8.79645943005140e+02	-9.34654878831993e-02	8.22165372274524e+01	0.00000000000000e+00	1
9	10	15	16	1.00010095351128e-01	0.00000000000000e+00	0.00000000000000e+00	0.00000000000000e+00	-8.79645943005140e+02	-8.48706852700689e-02	7.46561539778822e+01	0.00000000000000e+00	1
10	11	16	17	1.00010107266845e-01	0.00000000000000e+00	0.00000000000000e+00	0.00000000000000e+00	-8.79645943005146e+02	-1.02107580539511e-01	8.98185189716518e+01	0.00000000000000e+00	1
11	12	17	18	1.00010122230333e-01	0.00000000000000e+00	0.00000000000000e+00	0.00000000000000e+00	-8.79645943005140e+02	-9.15006473568699e-02	8.04881732298146e+01	0.00000000000000e+00	1
12	13	18	19	1.00010224364561e-01	0.00000000000000e+00	0.00000000000000e+00	0.00000000000000e+00	-8.79645943005140e+02	-1.00993020990542e-01	8.88381011861629e+01	0.00000000000000e+00	1
13	14	19	20	1.00010417765737e-01	0.00000000000000e+00	0.00000000000000e+00	0.00000000000000e+00	-8.79645943005146e+02	-8.47303768604744e-02	7.45327322546134e+01	0.00000000000000e+00	1
14	15	20	21	1.00010700175599e-01	0.00000000000000e+00	0.00000000000000e+00	0.00000000000000e+00	-8.79645943005146e+02	-1.04861286632132e-01	9.22408053642543e+01	0.00000000000000e+00	1
15	16	21	22	1.00011016930941e-01	0.00000000000000e+00	0.00000000000000e+00	0.00000000000000e+00	-8.79645943005140e+02	-9.21798147062718e-02	8.10856000333375e+01	0.00000000000000e+00	1
16	17	22	23	1.00011295636435e-01	0.00000000000000e+00	0.00000000000000e+00	0.00000000000000e+00	-8.79645943005146e+02	-8.85030610569940e-02	7.78513586023215e+01	0.00000000000000e+00	1
17	18	23	24	1.00011415750094e-01	0.00000000000000e+00	0.00000000000000e+00	0.00000000000000e+00	-8.79645943005146e+02	-7.42340320946852e-02	6.52996651650036e+01	0.00000000000000e+00	1
18	19	24	25	1.00011328477503e-01	0.00000000000000e+00	0.00000000000000e+00	0.00000000000000e+00	-8.79645943005140e+02	-1.02587436797136e-01	9.02406225818973e+01	0.00000000000000e+00	1
19	20	25	26	1.00011011919902e-01	0.00000000000000e+00	0.00000000000000e+00	0.00000000000000e+00	-8.79645943005146e+02	-1.02525769097624e-01	9.01863768402072e+01	0.00000000000000e+00	1
20	21	26	27	1.00010560502526e-01	0.00000000000000e+00	0.00000000000000e+00	0.00000000000000e+00	-8.79645943005140e+02	-9.38194565661642e-02	8.25279043433733e+01	0.00000000000000e+00	1
21	22	27	28	1.00010168144081e-01	0.00000000000000e+00	0.00000000000000e+00	0.00000000000000e+00	-8.79645943005140e+02	-9.97602919270711e-02	8.77537360666565e+01	0.00000000000000e+00	1
22	23	28	29	1.00009949207938e-01	0.00000000000000e+00	0.00000000000000e+00	0.00000000000000e+00	-8.79645943005146e+02	-9.87974356046027e-02	8.69067634089009e+01	0.00000000000000e+00	1
23	24	29	30	1.00009881034173e-01	0.00000000000000e+00	0.00000000000000e+00	0.00000000000000e+00	-8.79645943005140e+02	-1.15281906245483e-01	1.01407261130738e+02	0.00000000000000e+00	1
24	25	30	31	1.00009885285029e-01	0.00000000000000e+00	0.00000000000000e+00	0.00000000000000e+00	-8.79645943005140e+02	-9.01919959366424e-02	7.93370233172036e+01	0.00000000000000e+00	1
1	2	8	9	1.00012604463087e-01	0.00000000000000e+00	0.00000000000000e+00	0.00000000000000e+00	-1.40743350880823e+03	-7.58611438284554e-02	1.06769515840689e+02	0.00000000000000e+00	1
2	3	9	10	1.00012434049671e-01	0.00000000000000e+00	0.00000000000000e+00	0.00000000000000e+00	-1.40743350880822e+03	-6.88853575436775e-02	9.69515604732069e+01	0.00000000000000e+00	1
3	4	10	11	1.00012526637613e-01	0.00000000000000e+00	0.00000000000000e+00	0.00000000000000e+00	-1.40743350880822e+03	-6.73523546202260e-02	9.47939607896403e+01	0.00000000000000e+00	1
4	5	11	12	1.00012882502704e-01	0.00000000000000e+00	0.00000000000000e+00	0.00000000000000e+00	-1.40743350880823e+03	-8.80742690218321e-02	1.23958677485117e+02	0.00000000000000e+00	1
5	6	12	13	1.00013467381067e-01	0.00000000000000e+00	0.00000000000000e+00	0.00000000000000e+00	-1.40743350880823e+03	-8.54103956150564e-02	1.20209452789198e+02	0.00000000000000e+00	1
6	7	13	14	1.00014258097838e-01	0.00000000000000e+00	0.00000000000000e+00	0.00000000000000e+00	-1.40743350880823e+03	-6.41994809632589e-02	9.03565007557865e+01	0.00000000000000e+00	1
7	8	14	15	1.00015202275691e-01	0.00000000000000e+00	0.00000000000000e+00	0.00000000000000e+00	-1.40743350880822e+03	-6.65429941999636e-02	9.36548398134599e+01	0.00000000000000e+00	1
8	9	15	16	1.00015958161263e-01	0.00000000000000e+00	0.00000000000000e+00	0.00000000000000e+00	-1.40743350880823e+03	-6.52536659963376e-02	9.18401960958256e+01	0.00000000000000e+00	1
9	10	16	17	1.00016360942466e-01	0.00000000000000e+00	0.00000000000000e+00	0.00000000000000e+00	-1.40743350880823e+03	-4.88495758627291e-02	6.87525299602746e+01	0.00000000000000e+00	1
10	11	17	18	1.00016601017462e-01	0.00000000000000e+00	0.00000000000000e+00	0.00000000000000e+00	-1.40743350880822e+03	-5.74729619911615e-02	8.08893725568219e+01	0.00000000000000e+00	1
11	12	18	19	1.00016926154419e-01	0.00000000000000e+00	0.00000000000000e+00	0.00000000000000e+00	-1.40743350880823e+03	-6.38457966922989e-02	8.98587136612989e+01	0.00000000000000e+00	1
12	13	19	20	1.00017449711341e-01	0.00000000000000e+00	0.00000000000000e+00	0.00000000000000e+00	-1.40743350880823e+03	-6.12579005327826e-02	8.62164218890797e+01	0.00000000000000e+00	1
13	14	20	21	1.00018124036407e-01	0.00000000000000e+00	0.00000000000000e+00	0.00000000000000e+00	-1.40743350880822e+03	-5.33246937815228e-02	7.50509608750525e+01	0.00000000000000e+00	1
14	15	21	22	1.00018856488226e-01	0.00000000000000e+00	0.00000000000000e+00	0.00000000000000e+00	-1.40743350880822e+03	-5.87955204213868e-02	8.27507856088778e+01	0.00000000000000e+00	1
15	16	22	23	1.00019491221656e-01	0.00000000000000e+00	0.00000000000000e+00	0.00000000000000e+00	-1.40743350880822e+03	-5.47687855954287e-02	7.70834240837393e+01	0.00000000000000e+00	1
16	17	23	24	1.00019817112317e-01	0.00000000000000e+00	0.00000000000000e+00	0.00000000000000e+00	-1.40743350880822e+03	-4.65220951714879e-02	6.54767556443172e+01	0.00000000000000e+00	1
17	18	24	25	1.00019831905203e-01	0.00000000000000e+00	0.00000000000000e+00	0.00000000000000e+00	-1.40743350880822e+03	-5.72645151037821e-02	8.05959974227175e+01	0.00000000000000e+00	1
18	19	25	26	1.00019469827715e-01	0.00000000000000e+00	0.00000000000000e+00	0.00000000000000e+00	-1.40743350880822e+03	-5.02698492259967e-02	7.07514702834047e+01	0.00000000000000e+00	1
19	20	26	27	1.00018685425492e-01	0.00000000000000e+00	0.00000000000000e+00	0.00000000000000e+00	-1.40743350880822e+03	-4.82094681724973e-02	6.78516209477962e+01	0.00000000000000e+00	1
20	21	27	28	1.00017682975043e-01	0.00000000000000e+00	0.00000000000000e+00	0.00000000000000e+00	-1.40743350880822e+03	-6.91140641508106e-02	9.72734498157719e+01	0.00000000000000e+00	1
21	22	28	29	1.00016804769910e-01	0.00000000000000e+00	0.00000000000000e+00	0.00000000000000e+00	-1.40743350880822e+03	-6.04055148160639e-02	8.50167456689397e+01	0.00000000000000e+00	1
22	23	29	30	1.00016281946795e-01	0.00000000000000e+00	0.00000000000000e+00	0.00000000000000e+00	-1.40743350880822e+03	-5.92709829369047e-02	8.34199674854000e+01	0.00000000000000e+00	1
23	24	30	31	1.00016091215884e-01	0.00000000000000e+00	0.00000000000000e+00	0.00000000000000e+00	-1.40743350880822e+03	-5.51077009589851e-02	7.75604249230586e+01	0.00000000000000e+00	1
1	2	9	10	1.00018472232083e-01	0.00000000000000e+00	0.00000000000000e+00	0.00000000000000e+00	-2.11115026321234e+03	-5.02376416049495e-02	1.06059210297456e+02	0.00000000000000e+00	1
2	3	10	11	1.00018340246601e-01	0.00000000000000e+00	0.00000000000000e+00	0.00000000000000e+00	-2.11115026321235e+03	-5.24908687012618e-02	1.10816111274914e+02	0.00000000000000e+00	1
3	4	11	12	1.00018430864818e-01	0.00000000000000e+00	0.00000000000000e+00	0.00000000000000e+00	-2.11115026321234e+03	-5.79297920756361e-02	1.22298495788315e+02	0.00000000000000e+00	1
4	5	12	13	1.00018843354906e-01	0.00000000000000e+00	0.00000000000000e+00	0.00000000000000e+00	-2.11115026321234e+03	-5.59943098585442e-02	1.18212401996259e+02	0.00000000000000e+00	1
5	6	13	14	1.00019585918249e-01	0.00000000000000e+00	0.00000000000000e+00	0.00000000000000e+00	-2.11115026321234e+03	-4.80520767916208e-02	1.01445154566530e+02	0.00000000000000e+00	1
6	7	14	15	1.00020696440653e-01	0.00000000000000e+00	0.00000000000000e+00	0.00000000000000e+00	-2.11115026321234e+03	-4.26182332826800e-02	8.99734944123749e+01	0.00000000000000e+00	1
7	8	15	16	1.00022210548876e-01	0.00000000000000e+00	0.00000000000000e+00	0.00000000000000e+00	-2.11115026321235e+03	-4.59213192268542e-02	9.69468051728315e+01	0.00000000000000e+00	1
8	9	16	17	1.00023690155266e-01	0.00000000000000e+00	0.00000000000000e+00	0.00000000000000e+00	-2.11115026321234e+03	-3.52459200309365e-02	7.44094333504727e+01	0.00000000000000e+00	1
9	10	17	18	1.00024819239375e-01	0.00000000000000e+00	0.00000000000000e+00	0.00000000000000e+00	-2.11115026321234e+03	-4.15820408355536e-02	8.77859364548852e+01	0.00000000000000e+00	1
10	11	18	19	1.00025847590238e-01	0.00000000000000e+00	0.00000000000000e+00	0.00000000000000e+00	-2.11115026321235e+03	-3.90761318279971e-02	8.24955859939966e+01	0.00000000000000e+00	1
11	12	19	20	1.00027057647079e-01	0.00000000000000e+00	0.00000000000000e+00	0.00000000000000e+00	-2.11115026321234e+03	-3.86045367651152e-02	8.14999779528635e+01	0.00000000000000e+00	1
12	13	20	21	1.00028484881948e-01	0.00000000000000e+00	0.00000000000000e+00	0.00000000000000e+00	-2.11115026321234e+03	-3.29702188791835e-02	6.96050862649567e+01	0.00000000000000e+00	1
13	14	21	22	1.00029838021064e-01	0.00000000000000e+00	0.00000000000000e+00	0.00000000000000e+00	-2.11115026321235e+03	-3.24356812318305e-02	6.84765969700508e+01	0.00000000000000e+00	1
14	15	22	23	1.00030947822117e-01	0.00000000000000e+00	0.00000000000000e+00	0.00000000000000e+00	-2.11115026321235e+03	-3.50574905980988e-02	7.40116305037408e+01	0.00000000000000e+00	1
15	16	23	24	1.00031537840155e-01	0.00000000000000e+00	0.00000000000000e+00	0.00000000000000e+00	-2.11115026321235e+03	-3.89314458281820e-02	8.21901321074037e+01	0.00000000000000e+00	1
16	17	24	25	1.00031688716779e-01	0.00000000000000e+00	0.00000000000000e+00	0.00000000000000e+00	-2.11115026321235e+03	-3.15349053544420e-02	6.65749237394068e+01	0.00000000000000e+00	1
17	18	25	26	1.00031487998718e-01	0.00000000000000e+00	0.00000000000000e+00	0.00000000000000e+00	-2.11115026321236e+03	-3.29576021888739e-02	6.95784505358892e+01	0.00000000000000e+00	1
18	19	26	27	1.00030715083514e-01	0.00000000000000e+00	0.00000000000000e+00	0.00000000000000e+00	-2.11115026321235e+03	-3.08840098462474e-02	6.52007855159579e+01	0.00000000000000e+00	1
19	20	27	28	1.00029284218327e-01	0.00000000000000e+00	0.00000000000000e+00	0.00000000000000e+00	-2.11115026321235e+03	-3.08322341534481e-02	6.50914792484768e+01	0.00000000000000e+00	1
20	21	28	29	1.00027425792686e-01	0.00000000000000e+00	0.00000000000000e+00	0.00000000000000e+00	-2.11115026321236e+03	-3.78340297949084e-02	7.98733219599050e+01	0.00000000000000e+00	1
21	22	29	30	1.00025748209722e-01	0.00000000000000e+00	0.00000000000000e+00	0.00000000000000e+00	-2.11115026321235e+03	-4.01839296753834e-02	8.48343137110922e+01	0.00000000000000e+00	1
22	23	30	31	1.00024710735251e-01	0.00000000000000e+00	0.00000000000000e+00	0.00000000000000e+00	-2.11115026321235e+03	-3.99995791928496e-02	8.44451221413676e+01	0.00000000000000e+00	1
1	2	10	11	1.00026211250864e-01	0.00000000000000e+00	0.00000000000000e+00	0.00000000000000e+00	-3.01592894744617e+03	-4.15821961845014e-02	1.25408949171224e+02	0.00000000000000e+00	1
2	3	11	12	1.00025943829481e-01	0.00000000000000e+00	0.00000000000000e+00	0.00000000000000e+00	-3.01592894744617e+03	-3.83720320338346e-02	1.15727322183174e+02	0.00000000000000e+00	1
3	4	12	13	1.00025852181762e-01	0.00000000000000e+00	0.00000000000000e+00	0.00000000000000e+00	-3.01592894744619e+03	-3.53627057764657e-02	1.06651408011265e+02	0.00000000000000e+00	1
4	5	13	14	1.00026141918155e-01	0.00000000000000e+00	0.00000000000000e+00	0.00000000000000e+00	-3.01592894744617e+03	-4.39007181203144e-02	1.32401446592731e+02	0.00000000000000e+00	1
5	6	14	15	1.00026929914774e-01	0.00000000000000e+00	0.00000000000000e+00	0.00000000000000e+00	-3.01592894744619e+03	-4.00512104625774e-02	1.20791605014347e+02	0.00000000000000e+00	1
6	7	15	16	1.00028380390945e-01	0.00000000000000e+00	0.00000000000000e+00	0.00000000000000e+00	-3.01592894744617e+03	-3.01563083083661e-02	9.09492831753129e+01	0.00000000000000e+00	1
7	8	16	17	1.00030774167807e-01	0.00000000000000e+00	0.00000000000000e+00	0.00000000000000e+00	-3.01592894744617e+03	-3.08275694353904e-02	9.29737590396007e+01	0.00000000000000e+00	1
8	9	17	18	1.00033656601818e-01	0.00000000000000e+00	0.00000000000000e+00	0.00000000000000e+00	-3.01592894744619e+03	-2.61409139016692e-02	7.88391389487427e+01	0.00000000000000e+00	1
9	10	18	19	1.00036461553495e-01	0.00000000000000e+00	0.00000000000000e+00	0.00000000000000e+00	-3.01592894744617e+03	-2.68558616466631e-02	8.09953705487807e+01	0.00000000000000e+00	1
10	11	19	20	1.00039203066761e-01	0.00000000000000e+00	0.00000000000000e+00	0.00000000000000e+00	-3.01592894744617e+03	-2.62686289208667e-02	7.92243183721637e+01	0.00000000000000e+00	1
11	12	20	21	1.00041941283634e-01	0.00000000000000e+00	0.00000000000000e+00	0.00000000000000e+00	-3.01592894744619e+03	-2.26819765338277e-02	6.84072296136662e+01	0.00000000000000e+00	1
12	13	21	22	1.00044316289449e-01	0.00000000000000e+00	0.00000000000000e+00	0.00000000000000e+00	-3.01592894744617e+03	-2.14165176669661e-02	6.45906955852955e+01	0.00000000000000e+00	1
13	14	22	23	1.00045867683200e-01	0.00000000000000e+00	0.00000000000000e+00	0.00000000000000e+00	-3.01592894744617e+03	-2.00558136030457e-02	6.04869088100104e+01	0.00000000000000e+00	1
14	15	23	24	1.00046580956910e-01	0.00000000000000e+00	0.00000000000000e+00	0.00000000000000e+00	-3.01592894744617e+03	-2.06346008144870e-02	6.22324899154076e+01	0.00000000000000e+00	1
15	16	24	25	1.00046772094953e-01	0.00000000000000e+00	0.00000000000000e+00	0.00000000000000e+00	-3.01592894744616e+03	-2.25336659887352e-02	6.79599355475095e+01	0.00000000000000e+00	1
16	17	25	26	1.00046699204902e-01	0.00000000000000e+00	0.00000000000000e+00	0.00000000000000e+00	-3.01592894744621e+03	-2.12179635704224e-02	6.39918705378960e+01	0.00000000000000e+00	1
17	18	26	27	1.00046301283708e-01	0.00000000000000e+00	0.00000000000000e+00	0.00000000000000e+00	-3.01592894744616e+03	-2.36298797800576e-02	7.12660384533484e+01	0.00000000000000e+00	1
18	19	27	28	1.00045233762616e-01	0.00000000000000e+00	0.00000000000000e+00	0.00000000000000e+00	-3.01592894744616e+03	-2.19008022369585e-02	6.60512634387367e+01	0.00000000000000e+00	1
19	20	28	29	1.00043033324084e-01	0.00000000000000e+00	0.00000000000000e+00	0.00000000000000e+00	-3.01592894744621e+03	-2.29899504993402e-02	6.93360572113156e+01	0.00000000000000e+00	1
20	21	29	30	1.00039995707910e-01	0.00000000000000e+00	0.00000000000000e+00	0.00000000000000e+00	-3.01592894744616e+03	-2.97353790869192e-02	8.96797905515247e+01	0.00000000000000e+00	1
21	22	30	31	1.00037170858509e-01	0.00000000000000e+00	0.00000000000000e+00	0.00000000000000e+00	-3.01592894744616e+03	-2.69774826170873e-02	8.13621707540990e+01	0.00000000000000e+00	1
1	2	11	12	1.00035948778039e-01	0.00000000000000e+00	0.00000000000000e+00	0.00000000000000e+00	-4.14690230273854e+03	-2.66816350093367e-02	1.10646133661048e+02	0.00000000000000e+00	1
2	3	12	13	1.00035281617848e-01	0.00000000000000e+00	0.00000000000000e+00	0.00000000000000e+00	-4.14690230273854e+03	-2.48704428943818e-02	1.03135296908839e+02	0.00000000000000e+00	1
3	4	13	14	1.00034720167988e-01	0.00000000000000e+00	0.00000000000000e+00	0.00000000000000e+00	-4.14690230273860e+03	-2.71449850232518e-02	1.12567600900728e+02	0.00000000000000e+00	1
4	5	14	15	1.00034701647707e-01	0.00000000000000e+00	0.00000000000000e+00	0.00000000000000e+00	-4.14690230273860e+03	-3.16324808207860e-02	1.31176807557052e+02	0.00000000000000e+00	1
5	6	15	16	1.00035479254164e-01	0.00000000000000e+00	0.00000000000000e+00	0.00000000000000e+00	-4.14690230273854e+03	-3.32352319547470e-02	1.37823259925190e+02	0.00000000000000e+00	1
6	7	16	17	1.00037522031742e-01	0.00000000000000e+00	0.00000000000000e+00	0.00000000000000e+00	-4.14690230273854e+03	-2.73745195912238e-02	1.13519458329207e+02	0.00000000000000e+00	1
7	8	17	18	1.00041556909523e-01	0.00000000000000e+00	0.00000000000000e+00	0.00000000000000e+00	-4.14690230273860e+03	-2.45285545706968e-02	1.01717519432072e+02	0.00000000000000e+00	1
8	9	18	19	1.00047105274204e-01	0.00000000000000e+00	0.00000000000000e+00	0.00000000000000e+00	-4.14690230273854e+03	-2.67629288771067e-02	1.10983251388501e+02	0.00000000000000e+00	1
9	10	19	20	1.00052885474811e-01	0.00000000000000e+00	0.00000000000000e+00	0.00000000000000e+00	-4.14690230273854e+03	-1.71989267258582e-02	7.13222688440929e+01	0.00000000000000e+00	1
10	11	20	21	1.00058089677955e-01	0.00000000000000e+00	0.00000000000000e+00	0.00000000000000e+00	-4.14690230273860e+03	-1.70152934710481e-02	7.05607596768625e+01	0.00000000000000e+00	1
11	12	21	22	1.00062040277939e-01	0.00000000000000e+00	0.00000000000000e+00	0.00000000000000e+00	-4.14690230273854e+03	-1.47904825015404e-02	6.13346859442521e+01	0.00000000000000e+00	1
12	13	22	23	1.00064294164393e-01	0.00000000000000e+00	0.00000000000000e+00	0.00000000000000e+00	-4.14690230273854e+03	-1.71150344143217e-02	7.09743756242001e+01	0.00000000000000e+00	1
13	14	23	24	1.00064749325196e-01	0.00000000000000e+00	0.00000000000000e+00	0.00000000000000e+00	-4.14690230273860e+03	-1.49278736762990e-02	6.19044337232351e+01	0.00000000000000e+00	1
14	15	24	25	1.00064627046841e-01	0.00000000000000e+00	0.00000000000000e+00	0.00000000000000e+00	-4.14690230273857e+03	-1.46390671924120e-02	6.07067814501578e+01	0.00000000000000e+00	1
15	16	25	26	1.00064477725081e-01	0.00000000000000e+00	0.00000000000000e+00	0.00000000000000e+00	-4.14690230273854e+03	-1.66774816423742e-02	6.91598870266414e+01	0.00000000000000e+00	1
16	17	26	27	1.00064290268166e-01	0.00000000000000e+00	0.00000000000000e+00	0.00000000000000e+00	-4.14690230273854e+03	-1.36037402622699e-02	5.64133818194642e+01	0.00000000000000e+00	1
17	18	27	28	1.00064103926487e-01	0.00000000000000e+00	0.00000000000000e+00	0.00000000000000e+00	-4.14690230273857e+03	-1.34474978369923e-02	5.57654597462951e+01	0.00000000000000e+00	1
18	19	28	29	1.00062969072288e-01	0.00000000000000e+00	0.00000000000000e+00	0.00000000000000e+00	-4.14690230273854e+03	-1.78551471917899e-02	7.40435510053689e+01	0.00000000000000e+00	1
19	20	29	30	1.00059963272778e-01	0.00000000000000e+00	0.00000000000000e+00	0.00000000000000e+00	-4.14690230273854e+03	-1.80830526304434e-02	7.49886525937281e+01	0.00000000000000e+00	1
20	21	30	31	1.00055486288591e-01	0.00000000000000e+00	0.00000000000000e+00	0.00000000000000e+00	-4.14690230273857e+03	-1.71216392512868e-02	7.10017652378205e+01	0.00000000000000e+00	1
1	2	12	13	1.00047611228164e-01	0.00000000000000e+00	0.00000000000000e+00	0.00000000000000e+00	-5.52920307031808e+03	-2.03655527695052e-02	1.12605276901873e+02	0.00000000000000e+00	1
2	3	13	14	1.00046187744968e-01	0.00000000000000e+00	0.00000000000000e+00	0.00000000000000e+00	-5.52920307031797e+03	-2.11660551377788e-02	1.17031417054326e+02	0.00000000000000e+00	1
3	4	14	15	1.00044928781874e-01	0.00000000000000e+00	0.00000000000000e+00	0.00000000000000e+00	-5.52920307031803e+03	-2.07287632971542e-02	1.14613541666521e+02	0.00000000000000e+00	1
4	5	15	16	1.00044516568324e-01	0.00000000000000e+00	0.00000000000000e+00	0.00000000000000e+00	-5.52920307031797e+03	-2.31178224587030e-02	1.27823134917726e+02	0.00000000000000e+00	1
5	6	16	17	1.00045537858893e-01	0.00000000000000e+00	0.00000000000000e+00	0.00000000000000e+00	-5.52920307031808e+03	-1.90576244300326e-02	1.05373475511505e+02	0.00000000000000e+00	1
6	7	17	18	1.00048982964063e-01	0.00000000000000e+00	0.00000000000000e+00	0.00000000000000e+00	-5.52920307031803e+03	-2.11839841029297e-02	1.17130549943487e+02	0.00000000000000e+00	1
7	8	18	19	1.00056039432159e-01	0.00000000000000e+00	0.00000000000000e+00	0.00000000000000e+00	-5.52920307031797e+03	-1.89999785997525e-02	1.05054740009727e+02	0.00000000000000e+00	1
8	9	19	20	1.00065773205914e-01	0.00000000000000e+00	0.00000000000000e+00	0.00000000000000e+00	-5.52920307031808e+03	-1.35333558627190e-02	7.48286727878531e+01	0.00000000000000e+00	1
9	10	20	21	1.00075266105144e-01	0.00000000000000e+00	0.00000000000000e+00	0.00000000000000e+00	-5.52920307031803e+03	-1.24647028367705e-02	6.89198731956731e+01	0.00000000000000e+00	1
10	11	21	22	1.00082021713842e-01	0.00000000000000e+00	0.00000000000000e+00	0.00000000000000e+00	-5.52920307031797e+03	-1.06313078594205e-02	5.87826600578034e+01	0.00000000000000e+00	1
11	12	22	23	1.00085392944613e-01	0.00000000000000e+00	0.00000000000000e+00	0.00000000000000e+00	-5.52920307031808e+03	-1.12952659503909e-02	6.24538191729606e+01	0.00000000000000e+00	1
12	13	23	24	1.00085838804804e-01	0.00000000000000e+00	0.00000000000000e+00	0.00000000000000e+00	-5.52920307031803e+03	-9.89202851730928e-03	5.46950344495799e+01	0.00000000000000e+00	1
13	14	24	25	1.00084881596756e-01	0.00000000000000e+00	0.00000000000000e+00	0.00000000000000e+00	-5.52920307031797e+03	-1.22459572800089e-02	6.77103845916081e+01	0.00000000000000e+00	1
14	15	25	26	1.00084222780788e-01	0.00000000000000e+00	0.00000000000000e+00	0.00000000000000e+00	-5.52920307031808e+03	-1.11671190553539e-02	6.17452689674705e+01	0.00000000000000e+00	1
15	16	26	27	1.00083920938748e-01	0.00000000000000e+00	0.00000000000000e+00	0.00000000000000e+00	-5.52920307031803e+03	-1.27923944230239e-02	7.07317465205030e+01	0.00000000000000e+00	1
16	17	27	28	1.00084179976153e-01	0.00000000000000e+00	0.00000000000000e+00	0.00000000000000e+00	-5.52920307031797e+03	-1.09208346608744e-02	6.03835125373416e+01	0.00000000000000e+00	1
17	18	28	29	1.00084613358368e-01	0.00000000000000e+00	0.00000000000000e+00	0.00000000000000e+00	-5.52920307031808e+03	-1.12936115544541e-02	6.24446716818674e+01	0.00000000000000e+00	1
18	19	29	30	1.00083718694513e-01	0.00000000000000e+00	0.00000000000000e+00	0.00000000000000e+00	-5.52920307031803e+03	-1.18902313163348e-02	6.57435035010701e+01	0.00000000000000e+00	1
19	20	30	31	1.00080028021408e-01	0.00000000000000e+00	0.00000000000000e+00	0.00000000000000e+00	-5.52920307031797e+03	-1.13007509420011e-02	6.24841468054112e+01	0.00000000000000e+00	1
1	2	13	14	1.00060919888313e-01	0.00000000000000e+00	0.00000000000000e+00	0.00000000000000e+00	-7.18796399141354e+03	-1.49215169890345e-02	1.07255326814445e+02	0.00000000000000e+00	1
2	3	14	15	1.00058518823320e-01	0.00000000000000e+00	0.00000000000000e+00	0.00000000000000e+00	-7.18796399141345e+03	-1.29832990993420e-02	9.33234864158207e+01	0.00000000000000e+00	1
3	4	15	16	1.00056494807466e-01	0.00000000000000e+00	0.00000000000000e+00	0.00000000000000e+00	-7.18796399141345e+03	-1.91249723285453e-02	1.37469612434362e+02	0.00000000000000e+00	1
4	5	16	17	1.00055999579411e-01	0.00000000000000e+00	0.00000000000000e+00	0.00000000000000e+00	-7.18796399141354e+03	-1.81699950911007e-02	1.30605270438993e+02	0.00000000000000e+00	1
5	6	17	18	1.00058183010110e-01	0.00000000000000e+00	0.00000000000000e+00	0.00000000000000e+00	-7.18796399141345e+03	-1.82332999647170e-02	1.31060303591026e+02	0.00000000000000e+00	1
6	7	18	19	1.00064444224503e-01	0.00000000000000e+00	0.00000000000000e+00	0.00000000000000e+00	-7.18796399141354e+03	-1.57046429242059e-02	1.12884407837200e+02	0.00000000000000e+00	1
7	8	19	20	1.00075978570415e-01	0.00000000000000e+00	0.00000000000000e+00	0.00000000000000e+00	-7.18796399141354e+03	-1.17513470482084e-02	8.44682594331258e+01	0.00000000000000e+00	1
8	9	20	21	1.00090367743688e-01	0.00000000000000e+00	0.00000000000000e+00	0.00000000000000e+00	-7.18796399141345e+03	-1.24558835160136e-02	8.95324421943461e+01	0.00000000000000e+00	1
9	10	21	22	1.00101845327991e-01	0.00000000000000e+00	0.00000000000000e+00	0.00000000000000e+00	-7.18796399141354e+03	-9.52136539096769e-03	6.84392315793668e+01	0.00000000000000e+00	1
10	11	22	23	1.00107595958562e-01	0.00000000000000e+00	0.00000000000000e+00	0.00000000000000e+00	-7.18796399141354e+03	-1.07471272326462e-02	7.72499635594009e+01	0.00000000000000e+00	1
11	12	23	24	1.00108593043749e-01	0.00000000000000e+00	0.00000000000000e+00	0.00000000000000e+00	-7.18796399141345e+03	-1.11006262600741e-02	7.97909018395509e+01	0.00000000000000e+00	1
12	13	24	25	1.00107346347675e-01	0.00000000000000e+00	0.00000000000000e+00	0.00000000000000e+00	-7.18796399141354e+03	-9.09501667082689e-03	6.53746523312095e+01	0.00000000000000e+00	1
13	14	25	26	1.00105711629372e-01	0.00000000000000e+00	0.00000000000000e+00	0.00000000000000e+00	-7.18796399141354e+03	-9.59140537791845e-03	6.89426764835280e+01	0.00000000000000e+00	1
14	15	26	27	1.00104835780477e-01	0.00000000000000e+00	0.00000000000000e+00	0.00000000000000e+00	-7.18796399141345e+03	-1.18546741335080e-02	8.52109708015956e+01	0.00000000000000e+00	1
15	16	27	28	1.00105039589011e-01	0.00000000000000e+00	0.00000000000000e+00	0.00000000000000e+00	-7.18796399141345e+03	-9.04279007631668e-03	6.49992494504751e+01	0.00000000000000e+00	1
16	17	28	29	1.00106134263607e-01	0.00000000000000e+00	0.00000000000000e+00	0.00000000000000e+00	-7.18796399141354e+03	-8.63182936980149e-03	6.20452786901589e+01	0.00000000000000e+00	1
17	18	29	30	1.00107563108303e-01	0.00000000000000e+00	0.00000000000000e+00	0.00000000000000e+00	-7.18796399141345e+03	-1.04432859100054e-02	7.50659630731545e+01	0.00000000000000e+00	1
18	19	30	31	1.00107339585972e-01	0.00000000000000e+00	0.00000000000000e+00	0.00000000000000e+00	-7.18796399141345e+03	-1.03184822135786e-02	7.41688785972428e+01	0.00000000000000e+00	1
1	2	14	15	1.00075694025741e-01	0.00000000000000e+00	0.00000000000000e+00	0.00000000000000e+00	-9.14831780725342e+03	-1.21189222590828e-02	1.10867752307487e+02	0.00000000000000e+00	1
2	3	15	16	1.00072336360525e-01	0.00000000000000e+00	0.00000000000000e+00	0.00000000000000e+00	-9.14831780725342e+03	-1.25581139679180e-02	1.14885617638222e+02	0.00000000000000e+00	1
3	4	16	17	1.00069977993982e-01	0.00000000000000e+00	0.00000000000000e+00	0.00000000000000e+00	-9.14831780725342e+03	-1.62759013650195e-02	1.48897118286708e+02	0.00000000000000e+00	1
4	5	17	18	1.00070490811962e-01	0.00000000000000e+00	0.00000000000000e+00	0.00000000000000e+00	-9.14831780725342e+03	-1.39159138918805e-02	1.27307202861295e+02	0.00000000000000e+00	1
5	6	18	19	1.00075337651073e-01	0.00000000000000e+00	0.00000000000000e+00	0.00000000000000e+00	-9.14831780725327e+03	-1.46088544668592e-02	1.33646443462739e+02	0.00000000000000e+00	1
6	7	19	20	1.00085659982161e-01	0.00000000000000e+00	0.00000000000000e+00	0.00000000000000e+00	-9.14831780725327e+03	-1.09682181721783e-02	1.00340745618378e+02	0.00000000000000e+00	1
7	8	20	21	1.00101550098532e-01	0.00000000000000e+00	0.00000000000000e+00	0.00000000000000e+00	-9.14831780725342e+03	-7.70721199955414e-03	7.05080247797984e+01	0.00000000000000e+00	1
8	9	21	22	1.00117825390985e-01	0.00000000000000e+00	0.00000000000000e+00	0.00000000000000e+00	-9.14831780725327e+03	-8.72599323491850e-03	7.98281592969764e+01	0.00000000000000e+00	1
9	10	22	23	1.00127977114130e-01	0.00000000000000e+00	0.00000000000000e+00	0.00000000000000e+00	-9.14831780725327e+03	-8.26513531243525e-03	7.56120845581093e+01	0.00000000000000e+00	1
10	11	23	24	1.00131147887938e-01	0.00000000000000e+00	0.00000000000000e+00	0.00000000000000e+00	-9.14831780725342e+03	-8.62371218035392e-03	7.88924597041600e+01	0.00000000000000e+00	1
11	12	24	25	1.00130596202684e-01	0.00000000000000e+00	0.00000000000000e+00	0.00000000000000e+00	-9.14831780725327e+03	-7.64342723234399e-03	6.99245014580971e+01	0.00000000000000e+00	1
12	13	25	26	1.00128922377128e-01	0.00000000000000e+00	0.00000000000000e+00	0.00000000000000e+00	-9.14831780725342e+03	-7.12241903188065e-03	6.51581528600744e+01	0.00000000000000e+00	1
13	14	26	27	1.00127125403266e-01	0.00000000000000e+00	0.00000000000000e+00	0.00000000000000e+00	-9.14831780725342e+03	-7.55898189437313e-03	6.91519686689998e+01	0.00000000000000e+00	1
14	15	27	28	1.00126791771925e-01	0.00000000000000e+00	0.00000000000000e+00	0.00000000000000e+00	-9.14831780725342e+03	-6.59633156904879e-03	6.03453375556769e+01	0.00000000000000e+00	1
15	16	28	29	1.00127826999750e-01	0.00000000000000e+00	0.00000000000000e+00	0.00000000000000e+00	-9.14831780725342e+03	-7.32199786514872e-03	6.69839634544115e+01	0.00000000000000e+00	1
16	17	29	30	1.00130034789727e-01	0.00000000000000e+00	0.00000000000000e+00	0.00000000000000e+00	-9.14831780725342e+03	-6.98090057856934e-03	6.38634970735916e+01	0.00000000000000e+00	1
17	18	30	31	1.00132885935105e-01	0.00000000000000e+00	0.00000000000000e+00	0.00000000000000e+00	-9.14831780725342e+03	-7.36212910645388e-03	6.73510968038707e+01	0.00000000000000e+00	1
1	2	15	16	1.00092081378917e-01	0.00000000000000e+00	0.00000000000000e+00	0.00000000000000e+00	-1.14353972590669e+04	-1.03544117764419e-02	1.18406812047573e+02	0.00000000000000e+00	1
2	3	16	17	1.00088408250570e-01	0.00000000000000e+00	0.00000000000000e+00	0.00000000000000e+00	-1.14353972590669e+04	-1.12346303692307e-02	1.28472461330930e+02	0.00000000000000e+00	1
3	4	17	18	1.00087062593597e-01	0.00000000000000e+00	0.00000000000000e+00	0.00000000000000e+00	-1.14353972590669e+04	-1.31020904235041e-02	1.49827608916985e+02	0.00000000000000e+00	1
4	5	18	19	1.00090238224056e-01	0.00000000000000e+00	0.00000000000000e+00	0.00000000000000e+00	-1.14353972590669e+04	-1.11058418300132e-02	1.26999713222563e+02	0.00000000000000e+00	1
5	6	19	20	1.00098820632866e-01	0.00000000000000e+00	0.00000000000000e+00	0.00000000000000e+00	-1.14353972590671e+04	-1.07212759093856e-02	1.22602049147890e+02	0.00000000000000e+00	1
6	7	20	21	1.00112347298341e-01	0.00000000000000e+00	0.00000000000000e+00	0.00000000000000e+00	-1.14353972590671e+04	-9.18716924608387e-03	1.05058930015253e+02	0.00000000000000e+00	1
7	8	21	22	1.00128663584583e-01	0.00000000000000e+00	0.00000000000000e+00	0.00000000000000e+00	-1.14353972590669e+04	-9.47768751104863e-03	1.08381121786138e+02	0.00000000000000e+00	1
8	9	22	23	1.00142790095670e-01	0.00000000000000e+00	0.00000000000000e+00	0.00000000000000e+00	-1.14353972590671e+04	-7.41181188220532e-03	8.47570132824916e+01	0.00000000000000e+00	1
9	10	23	24	1.00150428716244e-01	0.00000000000000e+00	0.00000000000000e+00	0.00000000000000e+00	-1.14353972590671e+04	-6.40526076042564e-03	7.32467013433814e+01	0.00000000000000e+00	1
10	11	24	25	1.00152661385120e-01	0.00000000000000e+00	0.00000000000000e+00	0.00000000000000e+00	-1.14353972590669e+04	-6.30862776862814e-03	7.21416646938433e+01	0.00000000000000e+00	1
11	12	25	26	1.00152355753876e-01	0.00000000000000e+00	0.00000000000000e+00	0.00000000000000e+00	-1.14353972590669e+04	-6.48768186608520e-03	7.41892194291284e+01	0.00000000000000e+00	1
12	13	26	27	1.00150923129207e-01	0.00000000000000e+00	0.00000000000000e+00	0.00000000000000e+00	-1.14353972590669e+04	-7.00106304492110e-03	8.00599371544451e+01	0.00000000000000e+00	1
13	14	27	28	1.00149827129862e-01	0.00000000000000e+00	0.00000000000000e+00	0.00000000000000e+00	-1.14353972590669e+04	-5.32850745622644e-03	6.09335995598491e+01	0.00000000000000e+00	1
14	15	28	29	1.00150315373259e-01	0.00000000000000e+00	0.00000000000000e+00	0.00000000000000e+00	-1.14353972590669e+04	-6.58536201287969e-03	7.53062307120474e+01	0.00000000000000e+00	1
15	16	29	30	1.00152360207542e-01	0.00000000000000e+00	0.00000000000000e+00	0.00000000000000e+00	-1.14353972590669e+04	-6.28250024660489e-03	7.18428861001125e+01	0.00000000000000e+00	1
16	17	30	31	1.00155987251754e-01	0.00000000000000e+00	0.00000000000000e+00	0.00000000000000e+00	-1.14353972590669e+04	-6.61415823235860e-03	7.56355269213481e+01	0.00000000000000e+00	1
1	2	16	17	1.00111131062494e-01	0.00000000000000e+00	0.00000000000000e+00	0.00000000000000e+00	-1.40743350880824e+04	-8.19965624616928e-03	1.15404709615675e+02	0.00000000000000e+00	1
2	3	17	18	1.00108867559604e-01	0.00000000000000e+00	0.00000000000000e+00	0.00000000000000e+00	-1.40743350880824e+04	-9.44192877460813e-03	1.32888869451642e+02	0.00000000000000e+00	1
3	4	18	19	1.00110435061624e-01	0.00000000000000e+00	0.00000000000000e+00	0.00000000000000e+00	-1.40743350880824e+04	-1.05626343952611e-02	1.48662055891810e+02	0.00000000000000e+00	1
4	5	19	20	1.00117193090846e-01	0.00000000000000e+00	0.00000000000000e+00	0.00000000000000e+00	-1.40743350880824e+04	-1.12246234354838e-02	1.57979111468541e+02	0.00000000000000e+00	1
5	6	20	21	1.00127919076752e-01	0.00000000000000e+00	0.00000000000000e+00	0.00000000000000e+00	-1.40743350880821e+04	-7.97153937347344e-03	1.12194116310105e+02	0.00000000000000e+00	1
6	7	21	22	1.00139575459563e-01	0.00000000000000e+00	0.00000000000000e+00	0.00000000000000e+00	-1.40743350880821e+04	-7.41554410488983e-03	1.04368852592671e+02	0.00000000000000e+00	1
7	8	22	23	1.00151767625381e-01	0.00000000000000e+00	0.00000000000000e+00	0.00000000000000e+00	-1.40743350880824e+04	-6.65527312354425e-03	9.36685440434707e+01	0.00000000000000e+00	1
8	9	23	24	1.00163005111012e-01	0.00000000000000e+00	0.00000000000000e+00	0.00000000000000e+00	-1.40743350880821e+04	-5.28977076947187e-03	7.44500063486889e+01	0.00000000000000e+00	1
9	10	24	25	1.00170427110505e-01	0.00000000000000e+00	0.00000000000000e+00	0.00000000000000e+00	-1.40743350880821e+04	-6.25780454436436e-03	8.80744380731068e+01	0.00000000000000e+00	1
10	11	25	26	1.00173930058567e-01	0.00000000000000e+00	0.00000000000000e+00	0.00000000000000e+00	-1.40743350880824e+04	-5.49987757715651e-03	7.74071199643316e+01	0.00000000000000e+00	1
11	12	26	27	1.00174632491553e-01	0.00000000000000e+00	0.00000000000000e+00	0.00000000000000e+00	-1.40743350880824e+04	-6.20980887972195e-03	8.73989310061565e+01	0.00000000000000e+00	1
12	13	27	28	1.00174341970316e-01	0.00000000000000e+00	0.00000000000000e+00	0.00000000000000e+00	-1.40743350880821e+04	-6.05101959686851e-03	8.51640774308787e+01	0.00000000000000e+00	1
13	14	28	29	1.00174194014520e-01	0.00000000000000e+00	0.00000000000000e+00	0.00000000000000e+00	-1.40743350880824e+04	-7.42811875710774e-03	1.04545832461605e+02	0.00000000000000e+00	1
14	15	29	30	1.00175617033192e-01	0.00000000000000e+00	0.00000000000000e+00	0.00000000000000e+00	-1.40743350880824e+04	-5.55663016325519e-03	7.82058748781997e+01	0.00000000000000e+00	1
15	16	30	31	1.00178878433711e-01	0.00000000000000e+00	0.00000000000000e+00	0.00000000000000e+00	-1.40743350880821e+04	-4.90565876065726e-03	6.90438852252756e+01	0.00000000000000e+00	1
1	2	17	18	1.00135524827229e-01	0.00000000000000e+00	0.00000000000000e+00	0.00000000000000e+00	-1.70902640355283e+04	-7.15017036016324e-03	1.22198299354198e+02	0.00000000000000e+00	1
2	3	18	19	1.00136964888967e-01	0.00000000000000e+00	0.00000000000000e+00	0.00000000000000e+00	-1.70902640355281e+04	-6.59318981761316e-03	1.12679354819364e+02	0.00000000000000e+00	1
3	4	19	20	1.00142241929446e-01	0.00000000000000e+00	0.00000000000000e+00	0.00000000000000e+00	-1.70902640355283e+04	-7.14918334360380e-03	1.22181430980590e+02	0.00000000000000e+00	1
4	5	20	21	1.00150152037543e-01	0.00000000000000e+00	0.00000000000000e+00	0.00000000000000e+00	-1.70902640355283e+04	-6.94069179873465e-03	1.18618255429601e+02	0.00000000000000e+00	1
5	6	21	22	1.00156734079297e-01	0.00000000000000e+00	0.00000000000000e+00	0.00000000000000e+00	-1.70902640355283e+04	-6.55170604350772e-03	1.11970386166714e+02	0.00000000000000e+00	1
6	7	22	23	1.00161662658634e-01	0.00000000000000e+00	0.00000000000000e+00	0.00000000000000e+00	-1.70902640355281e+04	-6.20684026034025e-03	1.06076538875561e+02	0.00000000000000e+00	1
7	8	23	24	1.00169661619691e-01	0.00000000000000e+00	0.00000000000000e+00	0.00000000000000e+00	-1.70902640355283e+04	-5.59342835804293e-03	9.55931675027655e+01	0.00000000000000e+00	1
8	9	24	25	1.00180799281571e-01	0.00000000000000e+00	0.00000000000000e+00	0.00000000000000e+00	-1.70902640355283e+04	-5.73683803139568e-03	9.80440766856127e+01	0.00000000000000e+00	1
9	10	25	26	1.00190422360637e-01	0.00000000000000e+00	0.00000000000000e+00	0.00000000000000e+00	-1.70902640355288e+04	-4.84257262340979e-03	8.27608447452970e+01	0.00000000000000e+00	1
10	11	26	27	1.00195992292230e-01	0.00000000000000e+00	0.00000000000000e+00	0.00000000000000e+00	-1.70902640355286e+04	-5.41795200227042e-03	9.25942302506222e+01	0.00000000000000e+00	1
11	12	27	28	1.00198582496193e-01	0.00000000000000e+00	0.00000000000000e+00	0.00000000000000e+00	-1.70902640355283e+04	-4.84636851290264e-03	8.28257174989770e+01	0.00000000000000e+00	1
12	13	28	29	1.00199628274285e-01	0.00000000000000e+00	0.00000000000000e+00	0.00000000000000e+00	-1.70902640355288e+04	-4.41848122687020e-03	7.55130108032391e+01	0.00000000000000e+00	1
13	14	29	30	1.00200497099503e-01	0.00000000000000e+00	0.00000000000000e+00	0.00000000000000e+00	-1.70902640355286e+04	-4.53175550362131e-03	7.74488981013481e+01	0.00000000000000e+00	1
14	15	30	31	1.00202997876673e-01	0.00000000000000e+00	0.00000000000000e+00	0.00000000000000e+00	-1.70902640355283e+04	-3.81103023170568e-03	6.51315129072309e+01	0.00000000000000e+00	1
1	2	18	19	1.00169170852472e-01	0.00000000000000e+00	0.00000000000000e+00	0.00000000000000e+00	-2.05083168426343e+04	-6.24244999096932e-03	1.28022142289098e+02	0.00000000000000e+00	1
2	3	19	20	1.00175078922936e-01	0.00000000000000e+00	0.00000000000000e+00	0.00000000000000e+00	-2.05083168426343e+04	-5.37720909533954e-03	1.10277507856318e+02	0.00000000000000e+00	1
3	4	20	21	1.00180648463024e-01	0.00000000000000e+00	0.00000000000000e+00	0.00000000000000e+00	-2.05083168426339e+04	-4.85847307244308e-03	9.96391051410678e+01	0.00000000000000e+00	1
4	5	21	22	1.00181966645212e-01	0.00000000000000e+00	0.00000000000000e+00	0.00000000000000e+00	-2.05083168426343e+04	-5.53040368102860e-03	1.13419270958206e+02	0.00000000000000e+00	1
5	6	22	23	1.00179214808347e-01	0.00000000000000e+00	0.00000000000000e+00	0.00000000000000e+00	-2.05083168426347e+04	-5.65094571566687e-03	1.15891385197425e+02	0.00000000000000e+00	1
6	7	23	24	1.00178218142540e-01	0.00000000000000e+00	0.00000000000000e+00	0.00000000000000e+00	-2.05083168426347e+04	-5.45829994438593e-03	1.11940544681602e+02	0.00000000000000e+00	1
7	8	24	25	1.00185401107942e-01	0.00000000000000e+00	0.00000000000000e+00	0.00000000000000e+00	-2.05083168426343e+04	-4.87336631355231e-03	9.99445404485514e+01	0.00000000000000e+00	1
8	9	25	26	1.00198964815456e-01	0.00000000000000e+00	0.00000000000000e+00	0.00000000000000e+00	-2.05083168426339e+04	-5.56223049946725e-03	1.14071985434836e+02	0.00000000000000e+00	1
9	10	26	27	1.00211588830931e-01	0.00000000000000e+00	0.00000000000000e+00	0.00000000000000e+00	-2.05083168426336e+04	-4.90235831591328e-03	1.00539117618869e+02	0.00000000000000e+00	1
10	11	27	28	1.00220033427419e-01	0.00000000000000e+00	0.00000000000000e+00	0.00000000000000e+00	-2.05083168426343e+04	-4.14890393492523e-03	8.50870364470989e+01	0.00000000000000e+00	1
11	12	28	29	1.00224653725612e-01	0.00000000000000e+00	0.00000000000000e+00	0.00000000000000e+00	-2.05083168426339e+04	-3.91923972225357e-03	8.03770100062130e+01	0.00000000000000e+00	1
12	13	29	30	1.00227062002584e-01	0.00000000000000e+00	0.00000000000000e+00	0.00000000000000e+00	-2.05083168426336e+04	-4.05174107567987e-03	8.30943897443557e+01	0.00000000000000e+00	1
13	14	30	31	1.00229047240130e-01	0.00000000000000e+00	0.00000000000000e+00	0.00000000000000e+00	-2.05083168426343e+04	-4.22665080865142e-03	8.66814939669999e+01	0.00000000000000e+00	1
1	2	19	20	1.00214660288285e-01	0.00000000000000e+00	0.00000000000000e+00	0.00000000000000e+00	-2.43536262506271e+04	-4.08229294586264e-03	9.94186366491105e+01	0.00000000000000e+00	1
2	3	20	21	1.00220521311283e-01	0.00000000000000e+00	0.00000000000000e+00	0.00000000000000e+00	-2.43536262506276e+04	-4.42993671073144e-03	1.07885022967088e+02	0.00000000000000e+00	1
3	4	21	22	1.00216843857266e-01	0.00000000000000e+00	0.00000000000000e+00	0.00000000000000e+00	-2.43536262506276e+04	-4.24396771015370e-03	1.03356003432815e+02	0.00000000000000e+00	1
4	5	22	23	1.00205971390044e-01	0.00000000000000e+00	0.00000000000000e+00	0.00000000000000e+00	-2.43536262506271e+04	-4.47902944597197e-03	1.09080609092755e+02	0.00000000000000e+00	1
5	6	23	24	1.00195617299833e-01	0.00000000000000e+00	0.00000000000000e+00	0.00000000000000e+00	-2.43536262506266e+04	-4.76382079586348e-03	1.16016311187422e+02	0.00000000000000e+00	1
6	7	24	25	1.00192826426306e-01	0.00000000000000e+00	0.00000000000000e+00	0.00000000000000e+00	-2.43536262506271e+04	-5.39523945300994e-03	1.31393645171242e+02	0.00000000000000e+00	1
7	8	25	26	1.00201861914890e-01	0.00000000000000e+00	0.00000000000000e+00	0.00000000000000e+00	-2.43536262506282e+04	-4.20153106317311e-03	1.02322517192922e+02	0.00000000000000e+00	1
8	9	26	27	1.00218682910967e-01	0.00000000000000e+00	0.00000000000000e+00	0.00000000000000e+00	-2.43536262506276e+04	-4.31028195688489e-03	1.04970995812798e+02	0.00000000000000e+00	1
9	10	27	28	1.00235015856678e-01	0.00000000000000e+00	0.00000000000000e+00	0.00000000000000e+00	-2.43536262506271e+04	-3.77412059907458e-03	9.19135224946553e+01	0.00000000000000e+00	1
10	11	28	29	1.00246442704714e-01	0.00000000000000e+00	0.00000000000000e+00	0.00000000000000e+00	-2.43536262506282e+04	-3.84926499365369e-03	9.37435609950685e+01	0.00000000000000e+00	1
11	12	29	30	1.00253096262676e-01	0.00000000000000e+00	0.00000000000000e+00	0.00000000000000e+00	-2.43536262506276e+04	-4.46518341762120e-03	1.08743408093247e+02	0.00000000000000e+00	1
12	13	30	31	1.00256932393055e-01	0.00000000000000e+00	0.00000000000000e+00	0.00000000000000e+00	-2.43536262506271e+04	-3.68611962511177e-03	8.97703796650738e+01	0.00000000000000e+00	1
1	2	20	21	1.00268184308520e-01	0.00000000000000e+00	0.00000000000000e+00	0.00000000000000e+00	-2.86513250007400e+04	-4.31461497023152e-03	1.23619435765162e+02	0.00000000000000e+00	1
2	3	21	22	1.00262327090542e-01	0.00000000000000e+00	0.00000000000000e+00	0.00000000000000e+00	-2.86513250007400e+04	-3.76246787976926e-03	1.07799690028115e+02	0.00000000000000e+00	1
3	4	22	23	1.00243295569699e-01	0.00000000000000e+00	0.00000000000000e+00	0.00000000000000e+00	-2.86513250007400e+04	-3.80591343788822e-03	1.09044462833619e+02	0.00000000000000e+00	1
4	5	23	24	1.00223073282457e-01	0.00000000000000e+00	0.00000000000000e+00	0.00000000000000e+00	-2.86513250007400e+04	-4.76615721132821e-03	1.36556719266385e+02	0.00000000000000e+00	1
5	6	24	25	1.00210143902918e-01	0.00000000000000e+00	0.00000000000000e+00	0.00000000000000e+00	-2.86513250007408e+04	-4.56646462962643e-03	1.30835262207814e+02	0.00000000000000e+00	1
6	7	25	26	1.00208434324955e-01	0.00000000000000e+00	0.00000000000000e+00	0.00000000000000e+00	-2.86513250007393e+04	-4.20171640353583e-03	1.20384742238643e+02	0.00000000000000e+00	1
7	8	26	27	1.00220172718829e-01	0.00000000000000e+00	0.00000000000000e+00	0.00000000000000e+00	-2.86513250007386e+04	-4.56629004793067e-03	1.30830260210900e+02	0.00000000000000e+00	1
8	9	27	28	1.00240856485547e-01	0.00000000000000e+00	0.00000000000000e+00	0.00000000000000e+00	-2.86513250007408e+04	-5.03194900370573e-03	1.44172006292326e+02	0.00000000000000e+00	1
9	10	28	29	1.00260996861925e-01	0.00000000000000e+00	0.00000000000000e+00	0.00000000000000e+00	-2.86513250007393e+04	-3.86546836754725e-03	1.10750790478673e+02	0.00000000000000e+00	1
10	11	29	30	1.00275414747598e-01	0.00000000000000e+00	0.00000000000000e+00	0.00000000000000e+00	-2.86513250007386e+04	-3.54674665146278e-03	1.01618991006342e+02	0.00000000000000e+00	1
11	12	30	31	1.00284153729925e-01	0.00000000000000e+00	0.00000000000000e+00	0.00000000000000e+00	-2.86513250007408e+04	-4.27351008027414e-03	1.22441726203876e+02	0.00000000000000e+00	1
1	2	21	22	1.00316195946526e-01	0.00000000000000e+00	0.00000000000000e+00	0.00000000000000e+00	-3.34265458341953e+04	-3.02128209083700e-03	1.00991024287396e+02	0.00000000000000e+00	1
2	3	22	23	1.00291900432460e-01	0.00000000000000e+00	0.00000000000000e+00	0.00000000000000e+00	-3.34265458341953e+04	-3.15608506104969e-03	1.05497021949797e+02	0.00000000000000e+00	1
3	4	23	24	1.00261695971860e-01	0.00000000000000e+00	0.00000000000000e+00	0.00000000000000e+00	-3.34265458341963e+04	-4.19763266131664e-03	1.40312360548620e+02	0.00000000000000e+00	1
4	5	24	25	1.00238289451310e-01	0.00000000000000e+00	0.00000000000000e+00	0.00000000000000e+00	-3.34265458341953e+04	-4.68458682593439e-03	1.56589556251364e+02	0.00000000000000e+00	1
5	6	25	26	1.00225957189566e-01	0.00000000000000e+00	0.00000000000000e+00	0.00000000000000e+00	-3.34265458341953e+04	-4.24042513353009e-03	1.41742765082417e+02	0.00000000000000e+00	1
6	7	26	27	1.00226145736647e-01	0.00000000000000e+00	0.00000000000000e+00	0.00000000000000e+00	-3.34265458341973e+04	-4.58458557218171e-03	1.53246859759331e+02	0.00000000000000e+00	1
7	8	27	28	1.00241044063072e-01	0.00000000000000e+00	0.00000000000000e+00	0.00000000000000e+00	-3.34265458341953e+04	-3.98199178329226e-03	1.33104230855608e+02	0.00000000000000e+00	1
8	9	28	29	1.00265674609624e-01	0.00000000000000e+00	0.00000000000000e+00	0.00000000000000e+00	-3.34265458341953e+04	-3.50391773668104e-03	1.17123866824419e+02	0.00000000000000e+00	1
9	10	29	30	1.00289660414164e-01	0.00000000000000e+00	0.00000000000000e+00	0.00000000000000e+00	-3.34265458341973e+04	-3.34918055100495e-03	1.11951537195169e+02	0.00000000000000e+00	1
10	11	30	31	1.00307130677952e-01	0.00000000000000e+00	0.00000000000000e+00	0.00000000000000e+00	-3.34265458341953e+04	-3.65060018563366e-03	1.22026954427405e+02	0.00000000000000e+00	1
1	2	22	23	1.00348987177557e-01	0.00000000000000e+00	0.00000000000000e+00	0.00000000000000e+00	-3.87044214922249e+04	-2.63233792098864e-03	1.01883116403911e+02	0.00000000000000e+00	1
2	3	23	24	1.00311957229575e-01	0.00000000000000e+00	0.00000000000000e+00	0.00000000000000e+00	-3.87044214922236e+04	-2.60893367925254e-03	1.00977268767048e+02	0.00000000000000e+00	1
3	4	24	25	1.00278151518892e-01	0.00000000000000e+00	0.00000000000000e+00	0.00000000000000e+00	-3.87044214922236e+04	-3.04153722786415e-03	1.17720938851543e+02	0.00000000000000e+00	1
4	5	25	26	1.00255145028663e-01	0.00000000000000e+00	0.00000000000000e+00	0.00000000000000e+00	-3.87044214922262e+04	-4.45523748502143e-03	1.72437389468235e+02	0.00000000000000e+00	1
5	6	26	27	1.00244184630419e-01	0.00000000000000e+00	0.00000000000000e+00	0.00000000000000e+00	-3.87044214922236e+04	-3.68834339704180e-03	1.42755197447165e+02	0.00000000000000e+00	1
6	7	27	28	1.00246539309610e-01	0.00000000000000e+00	0.00000000000000e+00	0.00000000000000e+00	-3.87044214922249e+04	-4.29226860615180e-03	1.66129773290344e+02	0.00000000000000e+00	1
7	8	28	29	1.00264576488667e-01	0.00000000000000e+00	0.00000000000000e+00	0.00000000000000e+00	-3.87044214922262e+04	-3.80061612734907e-03	1.47100648523071e+02	0.00000000000000e+00	1
8	9	29	30	1.00293197958610e-01	0.00000000000000e+00	0.00000000000000e+00	0.00000000000000e+00	-3.87044214922236e+04	-3.02186266653196e-03	1.16959446337068e+02	0.00000000000000e+00	1
9	10	30	31	1.00321105743771e-01	0.00000000000000e+00	0.00000000000000e+00	0.00000000000000e+00	-3.87044214922249e+04	-3.23968899108144e-03	1.25390288214537e+02	0.00000000000000e+00	1
1	2	23	24	1.00370623043410e-01	0.00000000000000e+00	0.00000000000000e+00	0.00000000000000e+00	-4.45100847160644e+04	-1.93413386373512e-03	8.60884621270594e+01	0.00000000000000e+00	1
2	3	24	25	1.00330021334415e-01	0.00000000000000e+00	0.00000000000000e+00	0.00000000000000e+00	-4.45100847160627e+04	-2.67192968337156e-03	1.18927816562231e+02	0.00000000000000e+00	1
3	4	25	26	1.00296718622608e-01	0.00000000000000e+00	0.00000000000000e+00	0.00000000000000e+00	-4.45100847160627e+04	-3.35892293414803e-03	1.49505944353655e+02	0.00000000000000e+00	1
4	5	26	27	1.00274836222932e-01	0.00000000000000e+00	0.00000000000000e+00	0.00000000000000e+00	-4.45100847160627e+04	-3.66990433124383e-03	1.63347752683508e+02	0.00000000000000e+00	1
5	6	27	28	1.00265347575274e-01	0.00000000000000e+00	0.00000000000000e+00	0.00000000000000e+00	-4.45100847160610e+04	-3.89555131496877e-03	1.73391319045023e+02	0.00000000000000e+00	1
6	7	28	29	1.00269662759658e-01	0.00000000000000e+00	0.00000000000000e+00	0.00000000000000e+00	-4.45100847160610e+04	-4.15854353692355e-03	1.85097125123895e+02	0.00000000000000e+00	1
7	8	29	30	1.00290790349730e-01	0.00000000000000e+00	0.00000000000000e+00	0.00000000000000e+00	-4.45100847160627e+04	-2.48986259570082e-03	1.10823995065999e+02	0.00000000000000e+00	1
8	9	30	31	1.00323455695633e-01	0.00000000000000e+00	0.00000000000000e+00	0.00000000000000e+00	-4.45100847160610e+04	-3.13429934551545e-03	1.39507929394387e+02	0.00000000000000e+00	1
1	2	24	25	1.00390282467429e-01	0.00000000000000e+00	0.00000000000000e+00	0.00000000000000e+00	-5.08686682469235e+04	-2.52447138358605e-03	1.28416497310491e+02	0.00000000000000e+00	1
2	3	25	26	1.00350812688299e-01	0.00000000000000e+00	0.00000000000000e+00	0.00000000000000e+00	-5.08686682469235e+04	-2.57232887546734e-03	1.30850944188130e+02	0.00000000000000e+00	1
3	4	26	27	1.00318676603145e-01	0.00000000000000e+00	0.00000000000000e+00	0.00000000000000e+00	-5.08686682469235e+04	-2.95274828038524e-03	1.50202372691590e+02	0.00000000000000e+00	1
4	5	27	28	1.00297856411666e-01	0.00000000000000e+00	0.00000000000000e+00	0.00000000000000e+00	-5.08686682469235e+04	-3.72142940628200e-03	1.89304157872505e+02	0.00000000000000e+00	1
5	6	28	29	1.00289442633566e-01	0.00000000000000e+00	0.00000000000000e+00	0.00000000000000e+00	-5.08686682469257e+04	-3.59027835514842e-03	1.82632678562163e+02	0.00000000000000e+00	1
6	7	29	30	1.00295499622517e-01	0.00000000000000e+00	0.00000000000000e+00	0.00000000000000e+00	-5.08686682469235e+04	-4.07343271953488e-03	2.07210097636183e+02	0.00000000000000e+00	1
7	8	30	31	1.00319646525064e-01	0.00000000000000e+00	0.00000000000000e+00	0.00000000000000e+00	-5.08686682469235e+04	-2.99246943258253e-03	1.52222934805100e+02	0.00000000000000e+00	1
1	2	25	26	1.00413434046036e-01	0.00000000000000e+00	0.00000000000000e+00	0.00000000000000e+00	-5.78053048260513e+04	-2.68945769514585e-03	1.55464921884675e+02	0.00000000000000e+00	1
2	3	26	27	1.00375707951144e-01	0.00000000000000e+00	0.00000000000000e+00	0.00000000000000e+00	-5.78053048260513e+04	-2.60066822008618e-03	1.50332419213506e+02	0.00000000000000e+00	1
3	4	27	28	1.00344519342791e-01	0.00000000000000e+00	0.00000000000000e+00	0.00000000000000e+00	-5.78053048260513e+04	-2.82768557519411e-03	1.63455226626324e+02	0.00000000000000e+00	1
4	5	28	29	1.00324156514558e-01	0.00000000000000e+00	0.00000000000000e+00	0.00000000000000e+00	-5.78053048260513e+04	-3.05042850716039e-03	1.76330949706483e+02	0.00000000000000e+00	1
5	6	29	30	1.00316427474108e-01	0.00000000000000e+00	0.00000000000000e+00	0.00000000000000e+00	-5.78053048260513e+04	-3.24325282359382e-03	1.87477218095792e+02	0.00000000000000e+00	1
6	7	30	31	1.00323969374522e-01	0.00000000000000e+00	0.00000000000000e+00	0.00000000000000e+00	-5.78053048260542e+04	-2.99377761807830e-03	1.73056227794434e+02	0.00000000000000e+00	1
1	2	26	27	1.00441525709608e-01	0.00000000000000e+00	0.00000000000000e+00	0.00000000000000e+00	-6.53451271946741e+04	-2.15881408115313e-03	1.41067980722605e+02	0.00000000000000e+00	1
2	3	27	28	1.00405204631878e-01	0.00000000000000e+00	0.00000000000000e+00	0.00000000000000e+00	-6.53451271946778e+04	-2.65089207600966e-03	1.73222879886215e+02	0.00000000000000e+00	1
3	4	28	29	1.00374137092888e-01	0.00000000000000e+00	0.00000000000000e+00	0.00000000000000e+00	-6.53451271946741e+04	-2.55740119635852e-03	1.67113706463859e+02	0.00000000000000e+00	1
4	5	29	30	1.00353661604325e-01	0.00000000000000e+00	0.00000000000000e+00	0.00000000000000e+00	-6.53451271946741e+04	-3.16909758367080e-03	2.07085084697303e+02	0.00000000000000e+00	1
5	6	30	31	1.00346185045457e-01	0.00000000000000e+00	0.00000000000000e+00	0.00000000000000e+00	-6.53451271946741e+04	-2.11385939506539e-03	1.38130411042205e+02	0.00000000000000e+00	1
1	2	27	28	1.00475043074858e-01	0.00000000000000e+00	0.00000000000000e+00	0.00000000000000e+00	-7.35132680939932e+04	-2.04885395002948e-03	1.50617949713954e+02	0.00000000000000e+00	1
2	3	28	29	1.00439111384485e-01	0.00000000000000e+00	0.00000000000000e+00	0.00000000000000e+00	-7.35132680939979e+04	-2.31019736439578e-03	1.69830158198875e+02	0.00000000000000e+00	1
3	4	29	30	1.00407411552849e-01	0.00000000000000e+00	0.00000000000000e+00	0.00000000000000e+00	-7.35132680940026e+04	-3.00720374633393e-03	2.21069375217535e+02	0.00000000000000e+00	1
4	5	30	31	1.00386217543332e-01	0.00000000000000e+00	0.00000000000000e+00	0.00000000000000e+00	-7.35132680939932e+04	-2.90217806767378e-03	2.13348594345410e+02	0.00000000000000e+00	1
1	2	28	29	1.00513687365125e-01	0.00000000000000e+00	0.00000000000000e+00	0.00000000000000e+00	-8.23348602652768e+04	-2.02225427492810e-03	1.66502023147064e+02	0.00000000000000e+00	1
2	3	29	30	1.00477249989256e-01	0.00000000000000e+00	0.00000000000000e+00	0.00000000000000e+00	-8.23348602652651e+04	-2.21002893625575e-03	1.81962423648809e+02	0.00000000000000e+00	1
3	4	30	31	1.00444144678095e-01	0.00000000000000e+00	0.00000000000000e+00	0.00000000000000e+00	-8.23348602652709e+04	-2.09545983013109e-03	1.72529392305331e+02	0.00000000000000e+00	1
1	2	29	30	1.00557202305279e-01	0.00000000000000e+00	0.00000000000000e+00	0.00000000000000e+00	-9.18350364497422e+04	-1.54380582333842e-03	1.41775464057608e+02	0.00000000000000e+00	1
2	3	30	31	1.00519367873279e-01	0.00000000000000e+00	0.00000000000000e+00	0.00000000000000e+00	-9.18350364497568e+04	-1.93055153667409e-03	1.77292270738599e+02	0.00000000000000e+00	1
1	2	30	31	1.00605268317989e-01	0.00000000000000e+00	0.00000000000000e+00	0.00000000000000e+00	-1.02038929388591e+05	-1.68756911332891e-03	1.72197745593335e+02	0.00000000000000e+00	1
0
