31
# x y z
-20	0	0
-18.666666666667	0	0
-17.333333333333	0	0
-16	0	0
-14.666666666667	0	0
-13.333333333333	0	0
-12	0	0
-10.666666666667	0	0
-9.3333333333333	0	0
-8	0	0
-6.6666666666667	0	0
-5.3333333333333	0	0
-4	0	0
-2.6666666666667	0	0
-1.3333333333333	0	0
0	0	0
1.3333333333333	0	0
2.6666666666667	0	0
4	0	0
5.3333333333333	0	0
6.6666666666667	0	0
8	0	0
9.3333333333333	0	0
10.666666666667	0	0
12	0	0
13.333333333333	0	0
14.666666666667	0	0
16	0	0
17.333333333333	0	0
18.666666666667	0	0
20	0	0
406
# a b m n err i ip iperr k r rhoa u valid 
1	2	3	4	2.00002526020745e-02	0.00000000000000e+00	0.00000000000000e+00	0.00000000000000e+00	-2.51327412287184e+01	-3.90311947474822e+00	9.80960917436186e+01	0.00000000000000e+00	1
2	3	4	5	2.00002528041533e-02	0.00000000000000e+00	0.00000000000000e+00	0.00000000000000e+00	-2.51327412287183e+01	-3.91684320061283e+00	9.84410065944670e+01	0.00000000000000e+00	1
3	4	5	6	2.00002525502604e-02	0.00000000000000e+00	0.00000000000000e+00	0.00000000000000e+00	-2.51327412287183e+01	-3.93412238279870e+00	9.88752798089884e+01	0.00000000000000e+00	1
4	5	6	7	2.00002523221486e-02	0.00000000000000e+00	0.00000000000000e+00	0.00000000000000e+00	-2.51327412287184e+01	-3.82407168015981e+00	9.61094039775267e+01	0.00000000000000e+00	1
5	6	7	8	2.00002523975384e-02	0.00000000000000e+00	0.00000000000000e+00	0.00000000000000e+00	-2.51327412287184e+01	-3.97838008937410e+00	9.99875972957246e+01	0.00000000000000e+00	1
6	7	8	9	2.00002526518031e-02	0.00000000000000e+00	0.00000000000000e+00	0.00000000000000e+00	-2.51327412287183e+01	-3.79880210018706e+00	9.54743101631130e+01	0.00000000000000e+00	1
7	8	9	10	2.00002527317612e-02	0.00000000000000e+00	0.00000000000000e+00	0.00000000000000e+00	-2.51327412287184e+01	-3.91266550861246e+00	9.83360097424887e+01	0.00000000000000e+00	1
8	9	10	11	2.00002524845755e-02	0.00000000000000e+00	0.00000000000000e+00	0.00000000000000e+00	-2.51327412287184e+01	-3.98735021041570e+00	1.00213041026654e+02	0.00000000000000e+00	1
9	10	11	12	2.00002521793824e-02	0.00000000000000e+00	0.00000000000000e+00	0.00000000000000e+00	-2.51327412287183e+01	-4.08826883603658e+00	1.02749402729541e+02	0.00000000000000e+00	1
10	11	12	13	2.00002519197313e-02	0.00000000000000e+00	0.00000000000000e+00	0.00000000000000e+00	-2.51327412287184e+01	-3.86069371616621e+00	9.70298161317443e+01	0.00000000000000e+00	1
11	12	13	14	2.00002514239001e-02	0.00000000000000e+00	0.00000000000000e+00	0.00000000000000e+00	-2.51327412287184e+01	-4.09072560648293e+00	1.02811148105428e+02	0.00000000000000e+00	1
12	13	14	15	2.00002513459092e-02	0.00000000000000e+00	0.00000000000000e+00	0.00000000000000e+00	-2.51327412287183e+01	-3.95634309230865e+00	9.94337471510204e+01	0.00000000000000e+00	1
13	14	15	16	2.00002512324222e-02	0.00000000000000e+00	0.00000000000000e+00	0.00000000000000e+00	-2.51327412287183e+01	-3.93582680350371e+00	9.89181165735123e+01	0.00000000000000e+00	1
14	15	16	17	2.00002510371717e-02	0.00000000000000e+00	0.00000000000000e+00	0.00000000000000e+00	-2.51327412287184e+01	-4.07799354205510e+00	1.02491156424856e+02	0.00000000000000e+00	1
15	16	17	18	2.00002508995998e-02	0.00000000000000e+00	0.00000000000000e+00	0.00000000000000e+00	-2.51327412287183e+01	-4.12105401934517e+00	1.03573384257772e+02	0.00000000000000e+00	1
16	17	18	19	2.00002507453595e-02	0.00000000000000e+00	0.00000000000000e+00	0.00000000000000e+00	-2.51327412287183e+01	-3.85321257659595e+00	9.68417945868289e+01	0.00000000000000e+00	1
17	18	19	20	2.00002505246498e-02	0.00000000000000e+00	0.00000000000000e+00	0.00000000000000e+00	-2.51327412287184e+01	-3.93577785104509e+00	9.89168862640377e+01	0.00000000000000e+00	1
18	19	20	21	2.00002504346743e-02	0.00000000000000e+00	0.00000000000000e+00	0.00000000000000e+00	-2.51327412287183e+01	-4.03961394539222e+00	1.01526571953464e+02	0.00000000000000e+00	1
19	20	21	22	2.00002505867380e-02	0.00000000000000e+00	0.00000000000000e+00	0.00000000000000e+00	-2.51327412287183e+01	-4.06870972449053e+00	1.02257828640390e+02	0.00000000000000e+00	1
20	21	22	23	2.00002507206387e-02	0.00000000000000e+00	0.00000000000000e+00	0.00000000000000e+00	-2.51327412287184e+01	-3.89139186037105e+00	9.78013446462470e+01	0.00000000000000e+00	1
21	22	23	24	2.00002506134227e-02	0.00000000000000e+00	0.00000000000000e+00	0.00000000000000e+00	-2.51327412287183e+01	-3.88411661081171e+00	9.76184976816971e+01	0.00000000000000e+00	1
22	23	24	25	2.00002506455591e-02	0.00000000000000e+00	0.00000000000000e+00	0.00000000000000e+00	-2.51327412287183e+01	-3.98958157681088e+00	1.00269121380850e+02	0.00000000000000e+00	1
23	24	25	26	2.00002507199127e-02	0.00000000000000e+00	0.00000000000000e+00	0.00000000000000e+00	-2.51327412287185e+01	-3.88364293203748e+00	9.76065928356395e+01	0.00000000000000e+00	1
24	25	26	27	2.00002509099066e-02	0.00000000000000e+00	0.00000000000000e+00	0.00000000000000e+00	-2.51327412287181e+01	-3.95523510069711e+00	9.94059002845634e+01	0.00000000000000e+00	1
25	26	27	28	2.00002510324452e-02	0.00000000000000e+00	0.00000000000000e+00	0.00000000000000e+00	-2.51327412287184e+01	-4.08435064911235e+00	1.02650927951489e+02	0.00000000000000e+00	1
26	27	28	29	2.00002511262929e-02	0.00000000000000e+00	0.00000000000000e+00	0.00000000000000e+00	-2.51327412287184e+01	-3.99167038014743e+00	1.00321618734586e+02	0.00000000000000e+00	1
27	28	29	30	2.00002511461278e-02	0.00000000000000e+00	0.00000000000000e+00	0.00000000000000e+00	-2.51327412287181e+01	-3.99352712088151e+00	1.00368283718983e+02	0.00000000000000e+00	1
28	29	30	31	2.00002511852237e-02	0.00000000000000e+00	0.00000000000000e+00	0.00000000000000e+00	-2.51327412287184e+01	-3.76186456622157e+00	9.45459686803320e+01	0.00000000000000e+00	1
1	2	4	5	2.00010371461549e-02	0.00000000000000e+00	0.00000000000000e+00	0.00000000000000e+00	-1.00530964914874e+02	-9.57301628795460e-01	9.62384564573877e+01	0.00000000000000e+00	1
2	3	5	6	2.00010281699525e-02	0.00000000000000e+00	0.00000000000000e+00	0.00000000000000e+00	-1.00530964914873e+02	-9.72751987373294e-01	9.77916959134977e+01	0.00000000000000e+00	1
3	4	6	7	2.00010160284490e-02	0.00000000000000e+00	0.00000000000000e+00	0.00000000000000e+00	-1.00530964914873e+02	-1.01332501686804e+00	1.01870541718124e+02	0.00000000000000e+00	1
4	5	7	8	2.00010107472323e-02	0.00000000000000e+00	0.00000000000000e+00	0.00000000000000e+00	-1.00530964914874e+02	-9.70417437875337e-01	9.75570013998271e+01	0.00000000000000e+00	1
5	6	8	9	2.00010160167823e-02	0.00000000000000e+00	0.00000000000000e+00	0.00000000000000e+00	-1.00530964914873e+02	-1.01039818464719e+00	1.01576304450818e+02	0.00000000000000e+00	1
6	7	9	10	2.00010257156587e-02	0.00000000000000e+00	0.00000000000000e+00	0.00000000000000e+00	-1.00530964914873e+02	-9.55705402259683e-01	9.60779862635230e+01	0.00000000000000e+00	1
7	8	10	11	2.00010334941808e-02	0.00000000000000e+00	0.00000000000000e+00	0.00000000000000e+00	-1.00530964914874e+02	-9.76717286049403e-01	9.81903312155831e+01	0.00000000000000e+00	1
8	9	11	12	2.00010361055300e-02	0.00000000000000e+00	0.00000000000000e+00	0.00000000000000e+00	-1.00530964914873e+02	-9.64983808493319e-01	9.70107533950626e+01	0.00000000000000e+00	1
9	10	12	13	2.00010350121742e-02	0.00000000000000e+00	0.00000000000000e+00	0.00000000000000e+00	-1.00530964914873e+02	-9.73264642484296e-01	9.78432336264754e+01	0.00000000000000e+00	1
10	11	13	14	2.00010309069595e-02	0.00000000000000e+00	0.00000000000000e+00	0.00000000000000e+00	-1.00530964914874e+02	-9.91721162182295e-01	9.96986853606860e+01	0.00000000000000e+00	1
11	12	14	15	2.00010269303718e-02	0.00000000000000e+00	0.00000000000000e+00	0.00000000000000e+00	-1.00530964914873e+02	-9.73612447486183e-01	9.78781987989173e+01	0.00000000000000e+00	1
12	13	15	16	2.00010258881117e-02	0.00000000000000e+00	0.00000000000000e+00	0.00000000000000e+00	-1.00530964914873e+02	-9.83856596531865e-01	9.89080529872114e+01	0.00000000000000e+00	1
13	14	16	17	2.00010241660271e-02	0.00000000000000e+00	0.00000000000000e+00	0.00000000000000e+00	-1.00530964914874e+02	-1.00107467014500e+00	1.00639002541516e+02	0.00000000000000e+00	1
14	15	17	18	2.00010226383909e-02	0.00000000000000e+00	0.00000000000000e+00	0.00000000000000e+00	-1.00530964914874e+02	-9.60227968749818e-01	9.65326442366683e+01	0.00000000000000e+00	1
15	16	18	19	2.00010219001697e-02	0.00000000000000e+00	0.00000000000000e+00	0.00000000000000e+00	-1.00530964914873e+02	-9.58432265521704e-01	9.63521204584446e+01	0.00000000000000e+00	1
16	17	19	20	2.00010215283903e-02	0.00000000000000e+00	0.00000000000000e+00	0.00000000000000e+00	-1.00530964914874e+02	-9.90079335987002e-01	9.95336309890507e+01	0.00000000000000e+00	1
17	18	20	21	2.00010219337268e-02	0.00000000000000e+00	0.00000000000000e+00	0.00000000000000e+00	-1.00530964914874e+02	-9.91095532640924e-01	9.96357902192127e+01	0.00000000000000e+00	1
18	19	21	22	2.00010245019309e-02	0.00000000000000e+00	0.00000000000000e+00	0.00000000000000e+00	-1.00530964914873e+02	-9.81156281370204e-01	9.86365876984352e+01	0.00000000000000e+00	1
19	20	22	23	2.00010270429810e-02	0.00000000000000e+00	0.00000000000000e+00	0.00000000000000e+00	-1.00530964914874e+02	-9.96905491876748e-01	1.00219871027306e+02	0.00000000000000e+00	1
20	21	23	24	2.00010247056681e-02	0.00000000000000e+00	0.00000000000000e+00	0.00000000000000e+00	-1.00530964914874e+02	-9.55467458658185e-01	9.60540655636695e+01	0.00000000000000e+00	1
21	22	24	25	2.00010207612553e-02	0.00000000000000e+00	0.00000000000000e+00	0.00000000000000e+00	-1.00530964914873e+02	-9.82402022045498e-01	9.87618232105563e+01	0.00000000000000e+00	1
22	23	25	26	2.00010190407554e-02	0.00000000000000e+00	0.00000000000000e+00	0.00000000000000e+00	-1.00530964914874e+02	-9.47346918612081e-01	9.52376998372049e+01	0.00000000000000e+00	1
23	24	26	27	2.00010197399712e-02	0.00000000000000e+00	0.00000000000000e+00	0.00000000000000e+00	-1.00530964914873e+02	-9.78080130823391e-01	9.83273393157407e+01	0.00000000000000e+00	1
24	25	27	28	2.00010212690870e-02	0.00000000000000e+00	0.00000000000000e+00	0.00000000000000e+00	-1.00530964914873e+02	-9.53513108222573e-01	9.58575928285950e+01	0.00000000000000e+00	1
25	26	28	29	2.00010225890227e-02	0.00000000000000e+00	0.00000000000000e+00	0.00000000000000e+00	-1.00530964914874e+02	-9.35440837005663e-01	9.40407699649569e+01	0.00000000000000e+00	1
26	27	29	30	2.00010235934016e-02	0.00000000000000e+00	0.00000000000000e+00	0.00000000000000e+00	-1.00530964914873e+02	-9.56117222874932e-01	9.61193869873456e+01	0.00000000000000e+00	1
27	28	30	31	2.00010241065233e-02	0.00000000000000e+00	0.00000000000000e+00	0.00000000000000e+00	-1.00530964914873e+02	-9.75813264001384e-01	9.80994490067908e+01	0.00000000000000e+00	1
1	2	5	6	2.00026321777929e-02	0.00000000000000e+00	0.00000000000000e+00	0.00000000000000e+00	-2.51327412287183e+02	-3.91057084953318e-01	9.82833652178865e+01	0.00000000000000e+00	1
2	3	6	7	2.00025445451040e-02	0.00000000000000e+00	0.00000000000000e+00	0.00000000000000e+00	-2.51327412287183e+02	-3.99888801719288e-01	1.00503017738731e+02	0.00000000000000e+00	1
3	4	7	8	2.00024841249829e-02	0.00000000000000e+00	0.00000000000000e+00	0.00000000000000e+00	-2.51327412287184e+02	-4.07951074488333e-01	1.02529287890929e+02	0.00000000000000e+00	1
4	5	8	9	2.00024878940033e-02	0.00000000000000e+00	0.00000000000000e+00	0.00000000000000e+00	-2.51327412287183e+02	-4.07553828278526e-01	1.02429449028977e+02	0.00000000000000e+00	1
5	6	9	10	2.00025384099447e-02	0.00000000000000e+00	0.00000000000000e+00	0.00000000000000e+00	-2.51327412287183e+02	-3.91955464768902e-01	9.85091526921884e+01	0.00000000000000e+00	1
6	7	10	11	2.00026041289998e-02	0.00000000000000e+00	0.00000000000000e+00	0.00000000000000e+00	-2.51327412287183e+02	-3.88368326345926e-01	9.76076064748258e+01	0.00000000000000e+00	1
7	8	11	12	2.00026644747422e-02	0.00000000000000e+00	0.00000000000000e+00	0.00000000000000e+00	-2.51327412287183e+02	-3.77593584305865e-01	9.48996184398354e+01	0.00000000000000e+00	1
8	9	12	13	2.00026965627148e-02	0.00000000000000e+00	0.00000000000000e+00	0.00000000000000e+00	-2.51327412287183e+02	-3.63424409171727e-01	9.13385163191286e+01	0.00000000000000e+00	1
9	10	13	14	2.00026977893802e-02	0.00000000000000e+00	0.00000000000000e+00	0.00000000000000e+00	-2.51327412287183e+02	-3.52460804965364e-01	8.85830620446024e+01	0.00000000000000e+00	1
10	11	14	15	2.00026841116323e-02	0.00000000000000e+00	0.00000000000000e+00	0.00000000000000e+00	-2.51327412287184e+02	-3.74443002139766e-01	9.41077907768320e+01	0.00000000000000e+00	1
11	12	15	16	2.00026709562639e-02	0.00000000000000e+00	0.00000000000000e+00	0.00000000000000e+00	-2.51327412287183e+02	-3.80112718607860e-01	9.55327459451596e+01	0.00000000000000e+00	1
12	13	16	17	2.00026644969712e-02	0.00000000000000e+00	0.00000000000000e+00	0.00000000000000e+00	-2.51327412287183e+02	-3.63418197989856e-01	9.13369552788617e+01	0.00000000000000e+00	1
13	14	17	18	2.00026593119954e-02	0.00000000000000e+00	0.00000000000000e+00	0.00000000000000e+00	-2.51327412287184e+02	-3.77526733990810e-01	9.48828171231424e+01	0.00000000000000e+00	1
14	15	18	19	2.00026615448685e-02	0.00000000000000e+00	0.00000000000000e+00	0.00000000000000e+00	-2.51327412287183e+02	-3.76362346303560e-01	9.45901745788066e+01	0.00000000000000e+00	1
15	16	19	20	2.00026702279780e-02	0.00000000000000e+00	0.00000000000000e+00	0.00000000000000e+00	-2.51327412287183e+02	-3.79297900269976e-01	9.53279597608151e+01	0.00000000000000e+00	1
16	17	20	21	2.00026850390764e-02	0.00000000000000e+00	0.00000000000000e+00	0.00000000000000e+00	-2.51327412287184e+02	-3.66543907163489e-01	9.21225316770334e+01	0.00000000000000e+00	1
17	18	21	22	2.00027058321233e-02	0.00000000000000e+00	0.00000000000000e+00	0.00000000000000e+00	-2.51327412287183e+02	-3.75272998587374e-01	9.43163916362165e+01	0.00000000000000e+00	1
18	19	22	23	2.00027257073921e-02	0.00000000000000e+00	0.00000000000000e+00	0.00000000000000e+00	-2.51327412287183e+02	-3.52562102035782e-01	8.86085207751828e+01	0.00000000000000e+00	1
19	20	23	24	2.00027199731063e-02	0.00000000000000e+00	0.00000000000000e+00	0.00000000000000e+00	-2.51327412287184e+02	-3.58134524843936e-01	9.00090233797265e+01	0.00000000000000e+00	1
20	21	24	25	2.00026899970941e-02	0.00000000000000e+00	0.00000000000000e+00	0.00000000000000e+00	-2.51327412287183e+02	-3.63764942003008e-01	9.14241015544134e+01	0.00000000000000e+00	1
21	22	25	26	2.00026562684974e-02	0.00000000000000e+00	0.00000000000000e+00	0.00000000000000e+00	-2.51327412287183e+02	-3.76699081560816e-01	9.46748053796386e+01	0.00000000000000e+00	1
22	23	26	27	2.00026402976078e-02	0.00000000000000e+00	0.00000000000000e+00	0.00000000000000e+00	-2.51327412287183e+02	-3.84609760579242e-01	9.66629758667740e+01	0.00000000000000e+00	1
23	24	27	28	2.00026397178460e-02	0.00000000000000e+00	0.00000000000000e+00	0.00000000000000e+00	-2.51327412287183e+02	-3.72225302490816e-01	9.35504220628308e+01	0.00000000000000e+00	1
24	25	28	29	2.00026447575207e-02	0.00000000000000e+00	0.00000000000000e+00	0.00000000000000e+00	-2.51327412287183e+02	-3.79364577803956e-01	9.53447176528881e+01	0.00000000000000e+00	1
25	26	29	30	2.00026497386783e-02	0.00000000000000e+00	0.00000000000000e+00	0.00000000000000e+00	-2.51327412287183e+02	-3.82195228729026e-01	9.60561378249743e+01	0.00000000000000e+00	1
26	27	30	31	2.00026547513553e-02	0.00000000000000e+00	0.00000000000000e+00	0.00000000000000e+00	-2.51327412287183e+02	-3.84833144163182e-01	9.67191182848727e+01	0.00000000000000e+00	1
1	2	6	7	2.00050745605817e-02	0.00000000000000e+00	0.00000000000000e+00	0.00000000000000e+00	-5.02654824574368e+02	-1.95946639280244e-01	9.84935235933481e+01	0.00000000000000e+00	1
2	3	7	8	2.00048399841988e-02	0.00000000000000e+00	0.00000000000000e+00	0.00000000000000e+00	-5.02654824574365e+02	-2.13038564099388e-01	1.07084862064953e+02	0.00000000000000e+00	1
3	4	8	9	2.00047676538993e-02	0.00000000000000e+00	0.00000000000000e+00	0.00000000000000e+00	-5.02654824574367e+02	-2.06145363302951e-01	1.03619961427864e+02	0.00000000000000e+00	1
4	5	9	10	2.00048494121211e-02	0.00000000000000e+00	0.00000000000000e+00	0.00000000000000e+00	-5.02654824574368e+02	-2.05056945130494e-01	1.03072862782324e+02	0.00000000000000e+00	1
5	6	10	11	2.00050240905793e-02	0.00000000000000e+00	0.00000000000000e+00	0.00000000000000e+00	-5.02654824574368e+02	-1.98700856685445e-01	9.98779442599989e+01	0.00000000000000e+00	1
6	7	11	12	2.00052391112088e-02	0.00000000000000e+00	0.00000000000000e+00	0.00000000000000e+00	-5.02654824574367e+02	-1.90033548993118e-01	9.55212802323799e+01	0.00000000000000e+00	1
7	8	12	13	2.00054564550588e-02	0.00000000000000e+00	0.00000000000000e+00	0.00000000000000e+00	-5.02654824574368e+02	-1.75299924965264e-01	8.81153530313145e+01	0.00000000000000e+00	1
8	9	13	14	2.00055902610964e-02	0.00000000000000e+00	0.00000000000000e+00	0.00000000000000e+00	-5.02654824574368e+02	-1.82125968292615e-01	9.15464966425612e+01	0.00000000000000e+00	1
9	10	14	15	2.00056182086152e-02	0.00000000000000e+00	0.00000000000000e+00	0.00000000000000e+00	-5.02654824574367e+02	-1.80664524332275e-01	9.08118947850509e+01	0.00000000000000e+00	1
10	11	15	16	2.00055969794840e-02	0.00000000000000e+00	0.00000000000000e+00	0.00000000000000e+00	-5.02654824574365e+02	-1.76611614955982e-01	8.87746803334946e+01	0.00000000000000e+00	1
11	12	16	17	2.00055706680545e-02	0.00000000000000e+00	0.00000000000000e+00	0.00000000000000e+00	-5.02654824574368e+02	-1.78186686137307e-01	8.95663974618360e+01	0.00000000000000e+00	1
12	13	17	18	2.00055657308738e-02	0.00000000000000e+00	0.00000000000000e+00	0.00000000000000e+00	-5.02654824574367e+02	-1.82423342034089e-01	9.16959729884148e+01	0.00000000000000e+00	1
13	14	18	19	2.00055879299047e-02	0.00000000000000e+00	0.00000000000000e+00	0.00000000000000e+00	-5.02654824574365e+02	-1.75016622350024e-01	8.79729496049492e+01	0.00000000000000e+00	1
14	15	19	20	2.00056451129296e-02	0.00000000000000e+00	0.00000000000000e+00	0.00000000000000e+00	-5.02654824574368e+02	-1.79744984450358e-01	9.03496836270174e+01	0.00000000000000e+00	1
15	16	20	21	2.00057307340497e-02	0.00000000000000e+00	0.00000000000000e+00	0.00000000000000e+00	-5.02654824574365e+02	-1.74387492062954e-01	8.76567142308677e+01	0.00000000000000e+00	1
16	17	21	22	2.00058310335654e-02	0.00000000000000e+00	0.00000000000000e+00	0.00000000000000e+00	-5.02654824574365e+02	-1.67125385826821e-01	8.40063814947037e+01	0.00000000000000e+00	1
17	18	22	23	2.00059216844330e-02	0.00000000000000e+00	0.00000000000000e+00	0.00000000000000e+00	-5.02654824574368e+02	-1.69986959063744e-01	8.54447650881166e+01	0.00000000000000e+00	1
18	19	23	24	2.00059385948414e-02	0.00000000000000e+00	0.00000000000000e+00	0.00000000000000e+00	-5.02654824574365e+02	-1.66562377306370e-01	8.37233825456226e+01	0.00000000000000e+00	1
19	20	24	25	2.00058594501443e-02	0.00000000000000e+00	0.00000000000000e+00	0.00000000000000e+00	-5.02654824574365e+02	-1.67072547807877e-01	8.39798222095604e+01	0.00000000000000e+00	1
20	21	25	26	2.00057094584211e-02	0.00000000000000e+00	0.00000000000000e+00	0.00000000000000e+00	-5.02654824574369e+02	-1.72429867318120e-01	8.66727047081716e+01	0.00000000000000e+00	1
21	22	26	27	2.00055702318299e-02	0.00000000000000e+00	0.00000000000000e+00	0.00000000000000e+00	-5.02654824574364e+02	-1.79083165791268e-01	9.00170172850316e+01	0.00000000000000e+00	1
22	23	27	28	2.00054984380022e-02	0.00000000000000e+00	0.00000000000000e+00	0.00000000000000e+00	-5.02654824574365e+02	-1.79916263835632e-01	9.04357780363750e+01	0.00000000000000e+00	1
23	24	28	29	2.00054835252095e-02	0.00000000000000e+00	0.00000000000000e+00	0.00000000000000e+00	-5.02654824574369e+02	-1.82967769202090e-01	9.19696319310402e+01	0.00000000000000e+00	1
24	25	29	30	2.00054914084646e-02	0.00000000000000e+00	0.00000000000000e+00	0.00000000000000e+00	-5.02654824574364e+02	-1.85380865848338e-01	9.31825866024401e+01	0.00000000000000e+00	1
25	26	30	31	2.00055050587806e-02	0.00000000000000e+00	0.00000000000000e+00	0.00000000000000e+00	-5.02654824574368e+02	-1.86219781042142e-01	9.36042713720149e+01	0.00000000000000e+00	1
1	2	7	8	2.00082937983632e-02	0.00000000000000e+00	0.00000000000000e+00	0.00000000000000e+00	-8.79645943005146e+02	-1.23356139001429e-01	1.08509727217386e+02	0.00000000000000e+00	1
2	3	8	9	2.00080334674550e-02	0.00000000000000e+00	0.00000000000000e+00	0.00000000000000e+00	-8.79645943005140e+02	-1.22800032879362e-01	1.08020550723229e+02	0.00000000000000e+00	1
3	4	9	10	2.00080388590708e-02	0.00000000000000e+00	0.00000000000000e+00	0.00000000000000e+00	-8.79645943005140e+02	-1.26594137913585e-01	1.11358019823918e+02	0.00000000000000e+00	1
4	5	10	11	2.00082587807937e-02	0.00000000000000e+00	0.00000000000000e+00	0.00000000000000e+00	-8.79645943005146e+02	-1.16720655527493e-01	1.02672851099661e+02	0.00000000000000e+00	1
5	6	11	12	2.00086278797726e-02	0.00000000000000e+00	0.00000000000000e+00	0.00000000000000e+00	-8.79645943005140e+02	-1.16635051629612e-01	1.02597549978183e+02	0.00000000000000e+00	1
6	7	12	13	2.00090967797234e-02	0.00000000000000e+00	0.00000000000000e+00	0.00000000000000e+00	-8.79645943005140e+02	-1.09271463325302e-01	9.61201994003367e+01	0.00000000000000e+00	1
7	8	13	14	2.00096146494822e-02	0.00000000000000e+00	0.00000000000000e+00	0.00000000000000e+00	-8.79645943005146e+02	-1.05929416656705e-01	9.31803816069718e+01	0.00000000000000e+00	1
8	9	14	15	2.00099696209745e-02	0.00000000000000e+00	0.00000000000000e+00	0.00000000000000e+00	-8.79645943005140e+02	-9.85693612838832e-02	8.67061387579758e+01	0.00000000000000e+00	1
9	10	15	16	2.00100953511281e-02	0.00000000000000e+00	0.00000000000000e+00	0.00000000000000e+00	-8.79645943005140e+02	-1.00851928244586e-01	8.87139895245958e+01	0.00000000000000e+00	1
10	11	16	17	2.00101072668452e-02	0.00000000000000e+00	0.00000000000000e+00	0.00000000000000e+00	-8.79645943005146e+02	-9.92231406107856e-02	8.72812330905067e+01	0.00000000000000e+00	1
11	12	17	18	2.00101222303331e-02	0.00000000000000e+00	0.00000000000000e+00	0.00000000000000e+00	-8.79645943005140e+02	-9.79448151611884e-02	8.61567592949277e+01	0.00000000000000e+00	1
12	13	18	19	2.00102243645612e-02	0.00000000000000e+00	0.00000000000000e+00	0.00000000000000e+00	-8.79645943005140e+02	-9.78909847989745e-02	8.61094076351958e+01	0.00000000000000e+00	1
13	14	19	20	2.00104177657374e-02	0.00000000000000e+00	0.00000000000000e+00	0.00000000000000e+00	-8.79645943005146e+02	-9.37624574547223e-02	8.24777653062391e+01	0.00000000000000e+00	1
14	15	20	21	2.00107001755988e-02	0.00000000000000e+00	0.00000000000000e+00	0.00000000000000e+00	-8.79645943005146e+02	-9.31860238569187e-02	8.19707078305193e+01	0.00000000000000e+00	1
15	16	21	22	2.00110169309411e-02	0.00000000000000e+00	0.00000000000000e+00	0.00000000000000e+00	-8.79645943005140e+02	-9.26996508602645e-02	8.15428717972247e+01	0.00000000000000e+00	1
16	17	22	23	2.00112956364350e-02	0.00000000000000e+00	0.00000000000000e+00	0.00000000000000e+00	-8.79645943005146e+02	-9.11933225129721e-02	8.02178361776958e+01	0.00000000000000e+00	1
17	18	23	24	2.00114157500940e-02	0.00000000000000e+00	0.00000000000000e+00	0.00000000000000e+00	-8.79645943005146e+02	-8.91592495686337e-02	7.84285721644319e+01	0.00000000000000e+00	1
18	19	24	25	2.00113284775032e-02	0.00000000000000e+00	0.00000000000000e+00	0.00000000000000e+00	-8.79645943005140e+02	-8.84677523992548e-02	7.78202994847878e+01	0.00000000000000e+00	1
19	20	25	26	2.00110119199022e-02	0.00000000000000e+00	0.00000000000000e+00	0.00000000000000e+00	-8.79645943005146e+02	-9.03002699362059e-02	7.94322661016530e+01	0.00000000000000e+00	1
20	21	26	27	2.00105605025264e-02	0.00000000000000e+00	0.00000000000000e+00	0.00000000000000e+00	-8.79645943005140e+02	-9.55847040184657e-02	8.40806971031905e+01	0.00000000000000e+00	1
21	22	27	28	2.00101681440809e-02	0.00000000000000e+00	0.00000000000000e+00	0.00000000000000e+00	-8.79645943005140e+02	-9.81049883492473e-02	8.62976549899820e+01	0.00000000000000e+00	1
22	23	28	29	2.00099492079385e-02	0.00000000000000e+00	0.00000000000000e+00	0.00000000000000e+00	-8.79645943005146e+02	-1.04150233275318e-01	9.16153301636728e+01	0.00000000000000e+00	1
23	24	29	30	2.00098810341731e-02	0.00000000000000e+00	0.00000000000000e+00	0.00000000000000e+00	-8.79645943005140e+02	-1.00775669022835e-01	8.86469084095658e+01	0.00000000000000e+00	1
24	25	30	31	2.00098852850290e-02	0.00000000000000e+00	0.00000000000000e+00	0.00000000000000e+00	-8.79645943005140e+02	-1.00948089163068e-01	8.87985770864143e+01	0.00000000000000e+00	1
1	2	8	9	2.00126044630869e-02	0.00000000000000e+00	0.00000000000000e+00	0.00000000000000e+00	-1.40743350880823e+03	-8.02261260651989e-02	1.12912938106034e+02	0.00000000000000e+00	1
2	3	9	10	2.00124340496709e-02	0.00000000000000e+00	0.00000000000000e+00	0.00000000000000e+00	-1.40743350880822e+03	-7.85260017730537e-02	1.10520126208130e+02	0.00000000000000e+00	1
3	4	10	11	2.00125266376130e-02	0.00000000000000e+00	0.00000000000000e+00	0.00000000000000e+00	-1.40743350880822e+03	-7.90825195848712e-02	1.11303388024730e+02	0.00000000000000e+00	1
4	5	11	12	2.00128825027035e-02	0.00000000000000e+00	0.00000000000000e+00	0.00000000000000e+00	-1.40743350880823e+03	-7.49178410221691e-02	1.05441879862169e+02	0.00000000000000e+00	1
5	6	12	13	2.00134673810673e-02	0.00000000000000e+00	0.00000000000000e+00	0.00000000000000e+00	-1.40743350880823e+03	-7.42479833790379e-02	1.04499099769094e+02	0.00000000000000e+00	1
6	7	13	14	2.00142580978378e-02	0.00000000000000e+00	0.00000000000000e+00	0.00000000000000e+00	-1.40743350880823e+03	-6.70894340921309e-02	9.44239176282462e+01	0.00000000000000e+00	1
7	8	14	15	2.00152022756906e-02	0.00000000000000e+00	0.00000000000000e+00	0.00000000000000e+00	-1.40743350880822e+03	-6.63385321400986e-02	9.33670730591259e+01	0.00000000000000e+00	1
8	9	15	16	2.00159581612629e-02	0.00000000000000e+00	0.00000000000000e+00	0.00000000000000e+00	-1.40743350880823e+03	-6.28475858706290e-02	8.84537983020258e+01	0.00000000000000e+00	1
9	10	16	17	2.00163609424661e-02	0.00000000000000e+00	0.00000000000000e+00	0.00000000000000e+00	-1.40743350880823e+03	-6.11936910527398e-02	8.61260513152843e+01	0.00000000000000e+00	1
10	11	17	18	2.00166010174617e-02	0.00000000000000e+00	0.00000000000000e+00	0.00000000000000e+00	-1.40743350880822e+03	-5.96449445605966e-02	8.39462936055924e+01	0.00000000000000e+00	1
11	12	18	19	2.00169261544190e-02	0.00000000000000e+00	0.00000000000000e+00	0.00000000000000e+00	-1.40743350880823e+03	-5.78772529941986e-02	8.14583852618065e+01	0.00000000000000e+00	1
12	13	19	20	2.00174497113410e-02	0.00000000000000e+00	0.00000000000000e+00	0.00000000000000e+00	-1.40743350880823e+03	-5.77885468135770e-02	8.13335372107613e+01	0.00000000000000e+00	1
13	14	20	21	2.00181240364072e-02	0.00000000000000e+00	0.00000000000000e+00	0.00000000000000e+00	-1.40743350880822e+03	-5.43233663529091e-02	7.64565261163493e+01	0.00000000000000e+00	1
14	15	21	22	2.00188564882261e-02	0.00000000000000e+00	0.00000000000000e+00	0.00000000000000e+00	-1.40743350880822e+03	-5.45586660386914e-02	7.67876947787313e+01	0.00000000000000e+00	1
15	16	22	23	2.00194912216560e-02	0.00000000000000e+00	0.00000000000000e+00	0.00000000000000e+00	-1.40743350880822e+03	-5.40647338291235e-02	7.60925180359058e+01	0.00000000000000e+00	1
16	17	23	24	2.00198171123168e-02	0.00000000000000e+00	0.00000000000000e+00	0.00000000000000e+00	-1.40743350880822e+03	-5.08622297547445e-02	7.15852064895299e+01	0.00000000000000e+00	1
17	18	24	25	2.00198319052025e-02	0.00000000000000e+00	0.00000000000000e+00	0.00000000000000e+00	-1.40743350880822e+03	-5.09052421949107e-02	7.16457436391155e+01	0.00000000000000e+00	1
18	19	25	26	2.00194698277151e-02	0.00000000000000e+00	0.00000000000000e+00	0.00000000000000e+00	-1.40743350880822e+03	-5.22004577688339e-02	7.34686734389852e+01	0.00000000000000e+00	1
19	20	26	27	2.00186854254923e-02	0.00000000000000e+00	0.00000000000000e+00	0.00000000000000e+00	-1.40743350880822e+03	-5.29786573797587e-02	7.45639376479424e+01	0.00000000000000e+00	1
20	21	27	28	2.00176829750425e-02	0.00000000000000e+00	0.00000000000000e+00	0.00000000000000e+00	-1.40743350880822e+03	-5.67155607660639e-02	7.98233806930072e+01	0.00000000000000e+00	1
21	22	28	29	2.00168047699095e-02	0.00000000000000e+00	0.00000000000000e+00	0.00000000000000e+00	-1.40743350880822e+03	-5.95535572588999e-02	8.38176720549048e+01	0.00000000000000e+00	1
22	23	29	30	2.00162819467948e-02	0.00000000000000e+00	0.00000000000000e+00	0.00000000000000e+00	-1.40743350880822e+03	-6.06643244440838e-02	8.53810030118171e+01	0.00000000000000e+00	1
23	24	30	31	2.00160912158835e-02	0.00000000000000e+00	0.00000000000000e+00	0.00000000000000e+00	-1.40743350880822e+03	-6.30175449474188e-02	8.86930044018255e+01	0.00000000000000e+00	1
1	2	9	10	2.00184722320833e-02	0.00000000000000e+00	0.00000000000000e+00	0.00000000000000e+00	-2.11115026321234e+03	-5.51939439281785e-02	1.16522709251701e+02	0.00000000000000e+00	1
2	3	10	11	2.00183402466005e-02	0.00000000000000e+00	0.00000000000000e+00	0.00000000000000e+00	-2.11115026321235e+03	-5.38362225674919e-02	1.13656355443719e+02	0.00000000000000e+00	1
3	4	11	12	2.00184308648185e-02	0.00000000000000e+00	0.00000000000000e+00	0.00000000000000e+00	-2.11115026321234e+03	-5.33459769310425e-02	1.12621373239290e+02	0.00000000000000e+00	1
4	5	12	13	2.00188433549064e-02	0.00000000000000e+00	0.00000000000000e+00	0.00000000000000e+00	-2.11115026321234e+03	-5.26025039385292e-02	1.11051790035454e+02	0.00000000000000e+00	1
5	6	13	14	2.00195859182486e-02	0.00000000000000e+00	0.00000000000000e+00	0.00000000000000e+00	-2.11115026321234e+03	-4.96623505897037e-02	1.04844684519197e+02	0.00000000000000e+00	1
6	7	14	15	2.00206964406527e-02	0.00000000000000e+00	0.00000000000000e+00	0.00000000000000e+00	-2.11115026321234e+03	-4.70866590035602e-02	9.94070125491560e+01	0.00000000000000e+00	1
7	8	15	16	2.00222105488760e-02	0.00000000000000e+00	0.00000000000000e+00	0.00000000000000e+00	-2.11115026321235e+03	-4.57990898264957e-02	9.66887605420924e+01	0.00000000000000e+00	1
8	9	16	17	2.00236901552659e-02	0.00000000000000e+00	0.00000000000000e+00	0.00000000000000e+00	-2.11115026321234e+03	-4.29848969283263e-02	9.07475764643914e+01	0.00000000000000e+00	1
9	10	17	18	2.00248192393753e-02	0.00000000000000e+00	0.00000000000000e+00	0.00000000000000e+00	-2.11115026321234e+03	-3.97161689587464e-02	8.38468005510433e+01	0.00000000000000e+00	1
10	11	18	19	2.00258475902383e-02	0.00000000000000e+00	0.00000000000000e+00	0.00000000000000e+00	-2.11115026321235e+03	-3.88092498261882e-02	8.19321579856310e+01	0.00000000000000e+00	1
11	12	19	20	2.00270576470792e-02	0.00000000000000e+00	0.00000000000000e+00	0.00000000000000e+00	-2.11115026321234e+03	-3.78156485296974e-02	7.98345163470160e+01	0.00000000000000e+00	1
12	13	20	21	2.00284848819482e-02	0.00000000000000e+00	0.00000000000000e+00	0.00000000000000e+00	-2.11115026321234e+03	-3.47560368284246e-02	7.33752162985464e+01	0.00000000000000e+00	1
13	14	21	22	2.00298380210639e-02	0.00000000000000e+00	0.00000000000000e+00	0.00000000000000e+00	-2.11115026321235e+03	-3.46357980407994e-02	7.31213741504034e+01	0.00000000000000e+00	1
14	15	22	23	2.00309478221169e-02	0.00000000000000e+00	0.00000000000000e+00	0.00000000000000e+00	-2.11115026321235e+03	-3.25919111202344e-02	6.88064217400764e+01	0.00000000000000e+00	1
15	16	23	24	2.00315378401552e-02	0.00000000000000e+00	0.00000000000000e+00	0.00000000000000e+00	-2.11115026321235e+03	-3.19789717229015e-02	6.75124145700638e+01	0.00000000000000e+00	1
16	17	24	25	2.00316887167788e-02	0.00000000000000e+00	0.00000000000000e+00	0.00000000000000e+00	-2.11115026321235e+03	-3.21807347250338e-02	6.79383665851218e+01	0.00000000000000e+00	1
17	18	25	26	2.00314879987184e-02	0.00000000000000e+00	0.00000000000000e+00	0.00000000000000e+00	-2.11115026321236e+03	-3.23800952350827e-02	6.83592465783860e+01	0.00000000000000e+00	1
18	19	26	27	2.00307150835137e-02	0.00000000000000e+00	0.00000000000000e+00	0.00000000000000e+00	-2.11115026321235e+03	-3.18629748853959e-02	6.72675278160320e+01	0.00000000000000e+00	1
19	20	27	28	2.00292842183271e-02	0.00000000000000e+00	0.00000000000000e+00	0.00000000000000e+00	-2.11115026321235e+03	-3.45166371610129e-02	7.28698076276775e+01	0.00000000000000e+00	1
20	21	28	29	2.00274257926862e-02	0.00000000000000e+00	0.00000000000000e+00	0.00000000000000e+00	-2.11115026321236e+03	-3.70776803141189e-02	7.82765545544558e+01	0.00000000000000e+00	1
21	22	29	30	2.00257482097224e-02	0.00000000000000e+00	0.00000000000000e+00	0.00000000000000e+00	-2.11115026321235e+03	-3.95381916292067e-02	8.34710636649400e+01	0.00000000000000e+00	1
22	23	30	31	2.00247107352514e-02	0.00000000000000e+00	0.00000000000000e+00	0.00000000000000e+00	-2.11115026321235e+03	-3.98185903148738e-02	8.40630274239905e+01	0.00000000000000e+00	1
1	2	10	11	2.00262112508641e-02	0.00000000000000e+00	0.00000000000000e+00	0.00000000000000e+00	-3.01592894744617e+03	-3.85237389009487e-02	1.16184859315230e+02	0.00000000000000e+00	1
2	3	11	12	2.00259438294807e-02	0.00000000000000e+00	0.00000000000000e+00	0.00000000000000e+00	-3.01592894744617e+03	-3.82681635620691e-02	1.15414062252449e+02	0.00000000000000e+00	1
3	4	12	13	2.00258521817622e-02	0.00000000000000e+00	0.00000000000000e+00	0.00000000000000e+00	-3.01592894744619e+03	-3.96133155822308e-02	1.19470945168771e+02	0.00000000000000e+00	1
4	5	13	14	2.00261419181550e-02	0.00000000000000e+00	0.00000000000000e+00	0.00000000000000e+00	-3.01592894744617e+03	-3.86041287880039e-02	1.16427309502681e+02	0.00000000000000e+00	1
5	6	14	15	2.00269299147739e-02	0.00000000000000e+00	0.00000000000000e+00	0.00000000000000e+00	-3.01592894744619e+03	-3.63007919009771e-02	1.09480609109377e+02	0.00000000000000e+00	1
6	7	15	16	2.00283803909451e-02	0.00000000000000e+00	0.00000000000000e+00	0.00000000000000e+00	-3.01592894744617e+03	-3.54721018833545e-02	1.06981338896769e+02	0.00000000000000e+00	1
7	8	16	17	2.00307741678072e-02	0.00000000000000e+00	0.00000000000000e+00	0.00000000000000e+00	-3.01592894744617e+03	-3.20476856754252e-02	9.66535429271709e+01	0.00000000000000e+00	1
8	9	17	18	2.00336566018184e-02	0.00000000000000e+00	0.00000000000000e+00	0.00000000000000e+00	-3.01592894744619e+03	-3.04301949194532e-02	9.17753057340089e+01	0.00000000000000e+00	1
9	10	18	19	2.00364615534952e-02	0.00000000000000e+00	0.00000000000000e+00	0.00000000000000e+00	-3.01592894744617e+03	-2.84798709171901e-02	8.58932671186840e+01	0.00000000000000e+00	1
10	11	19	20	2.00392030667606e-02	0.00000000000000e+00	0.00000000000000e+00	0.00000000000000e+00	-3.01592894744617e+03	-2.57853611595235e-02	7.77668171413612e+01	0.00000000000000e+00	1
11	12	20	21	2.00419412836336e-02	0.00000000000000e+00	0.00000000000000e+00	0.00000000000000e+00	-3.01592894744619e+03	-2.41880381248013e-02	7.29494043625204e+01	0.00000000000000e+00	1
12	13	21	22	2.00443162894486e-02	0.00000000000000e+00	0.00000000000000e+00	0.00000000000000e+00	-3.01592894744617e+03	-2.24859670180004e-02	6.78160788409073e+01	0.00000000000000e+00	1
13	14	22	23	2.00458676832003e-02	0.00000000000000e+00	0.00000000000000e+00	0.00000000000000e+00	-3.01592894744617e+03	-2.17511475052925e-02	6.55999154013832e+01	0.00000000000000e+00	1
14	15	23	24	2.00465809569098e-02	0.00000000000000e+00	0.00000000000000e+00	0.00000000000000e+00	-3.01592894744617e+03	-2.06128204484890e-02	6.21668018791084e+01	0.00000000000000e+00	1
15	16	24	25	2.00467720949529e-02	0.00000000000000e+00	0.00000000000000e+00	0.00000000000000e+00	-3.01592894744616e+03	-2.13845483370357e-02	6.44942783577277e+01	0.00000000000000e+00	1
16	17	25	26	2.00466992049019e-02	0.00000000000000e+00	0.00000000000000e+00	0.00000000000000e+00	-3.01592894744621e+03	-2.14442114416985e-02	6.46742180421757e+01	0.00000000000000e+00	1
17	18	26	27	2.00463012837077e-02	0.00000000000000e+00	0.00000000000000e+00	0.00000000000000e+00	-3.01592894744616e+03	-2.08399868922115e-02	6.28519197326193e+01	0.00000000000000e+00	1
18	19	27	28	2.00452337626162e-02	0.00000000000000e+00	0.00000000000000e+00	0.00000000000000e+00	-3.01592894744616e+03	-2.23530785057443e-02	6.74152965300109e+01	0.00000000000000e+00	1
19	20	28	29	2.00430333240843e-02	0.00000000000000e+00	0.00000000000000e+00	0.00000000000000e+00	-3.01592894744621e+03	-2.33656765530039e-02	7.04692202928695e+01	0.00000000000000e+00	1
20	21	29	30	2.00399957079105e-02	0.00000000000000e+00	0.00000000000000e+00	0.00000000000000e+00	-3.01592894744616e+03	-2.58648484162669e-02	7.80065450599262e+01	0.00000000000000e+00	1
21	22	30	31	2.00371708585092e-02	0.00000000000000e+00	0.00000000000000e+00	0.00000000000000e+00	-3.01592894744616e+03	-2.56121808308480e-02	7.72445175749801e+01	0.00000000000000e+00	1
1	2	11	12	2.00359487780391e-02	0.00000000000000e+00	0.00000000000000e+00	0.00000000000000e+00	-4.14690230273854e+03	-2.75730519848828e-02	1.14342752769640e+02	0.00000000000000e+00	1
2	3	12	13	2.00352816178477e-02	0.00000000000000e+00	0.00000000000000e+00	0.00000000000000e+00	-4.14690230273854e+03	-2.90372947984630e-02	1.20414824665044e+02	0.00000000000000e+00	1
3	4	13	14	2.00347201679879e-02	0.00000000000000e+00	0.00000000000000e+00	0.00000000000000e+00	-4.14690230273860e+03	-2.90177322454809e-02	1.20333700669037e+02	0.00000000000000e+00	1
4	5	14	15	2.00347016477068e-02	0.00000000000000e+00	0.00000000000000e+00	0.00000000000000e+00	-4.14690230273860e+03	-2.80197643629889e-02	1.16195225359072e+02	0.00000000000000e+00	1
5	6	15	16	2.00354792541644e-02	0.00000000000000e+00	0.00000000000000e+00	0.00000000000000e+00	-4.14690230273854e+03	-2.78033539273520e-02	1.15297792425191e+02	0.00000000000000e+00	1
6	7	16	17	2.00375220317422e-02	0.00000000000000e+00	0.00000000000000e+00	0.00000000000000e+00	-4.14690230273854e+03	-2.68686711569388e-02	1.11421754292234e+02	0.00000000000000e+00	1
7	8	17	18	2.00415569095234e-02	0.00000000000000e+00	0.00000000000000e+00	0.00000000000000e+00	-4.14690230273860e+03	-2.43496707533406e-02	1.00975705717955e+02	0.00000000000000e+00	1
8	9	18	19	2.00471052742041e-02	0.00000000000000e+00	0.00000000000000e+00	0.00000000000000e+00	-4.14690230273854e+03	-2.15625383388442e-02	8.94177398902410e+01	0.00000000000000e+00	1
9	10	19	20	2.00528854748112e-02	0.00000000000000e+00	0.00000000000000e+00	0.00000000000000e+00	-4.14690230273854e+03	-1.91639696518180e-02	7.94711098787355e+01	0.00000000000000e+00	1
10	11	20	21	2.00580896779545e-02	0.00000000000000e+00	0.00000000000000e+00	0.00000000000000e+00	-4.14690230273860e+03	-1.73800832862736e-02	7.20735074016366e+01	0.00000000000000e+00	1
11	12	21	22	2.00620402779392e-02	0.00000000000000e+00	0.00000000000000e+00	0.00000000000000e+00	-4.14690230273854e+03	-1.63898823533902e-02	6.79672408728876e+01	0.00000000000000e+00	1
12	13	22	23	2.00642941643928e-02	0.00000000000000e+00	0.00000000000000e+00	0.00000000000000e+00	-4.14690230273854e+03	-1.58247387381159e-02	6.56236455133286e+01	0.00000000000000e+00	1
13	14	23	24	2.00647493251956e-02	0.00000000000000e+00	0.00000000000000e+00	0.00000000000000e+00	-4.14690230273860e+03	-1.58613811866952e-02	6.57755981677209e+01	0.00000000000000e+00	1
14	15	24	25	2.00646270468414e-02	0.00000000000000e+00	0.00000000000000e+00	0.00000000000000e+00	-4.14690230273857e+03	-1.58979153719089e-02	6.59271018645118e+01	0.00000000000000e+00	1
15	16	25	26	2.00644777250811e-02	0.00000000000000e+00	0.00000000000000e+00	0.00000000000000e+00	-4.14690230273854e+03	-1.56233830949267e-02	6.47886433329177e+01	0.00000000000000e+00	1
16	17	26	27	2.00642902681657e-02	0.00000000000000e+00	0.00000000000000e+00	0.00000000000000e+00	-4.14690230273854e+03	-1.56668187467568e-02	6.49687667375129e+01	0.00000000000000e+00	1
17	18	27	28	2.00641039264871e-02	0.00000000000000e+00	0.00000000000000e+00	0.00000000000000e+00	-4.14690230273857e+03	-1.58084178270657e-02	6.55559642897122e+01	0.00000000000000e+00	1
18	19	28	29	2.00629690722878e-02	0.00000000000000e+00	0.00000000000000e+00	0.00000000000000e+00	-4.14690230273854e+03	-1.55158801822539e-02	6.43428392568038e+01	0.00000000000000e+00	1
19	20	29	30	2.00599632727782e-02	0.00000000000000e+00	0.00000000000000e+00	0.00000000000000e+00	-4.14690230273854e+03	-1.68237005701934e-02	6.97662426351187e+01	0.00000000000000e+00	1
20	21	30	31	2.00554862885910e-02	0.00000000000000e+00	0.00000000000000e+00	0.00000000000000e+00	-4.14690230273857e+03	-1.78642117994955e-02	7.40811410479375e+01	0.00000000000000e+00	1
1	2	12	13	2.00476112281644e-02	0.00000000000000e+00	0.00000000000000e+00	0.00000000000000e+00	-5.52920307031808e+03	-2.08073614271841e-02	1.15048126688404e+02	0.00000000000000e+00	1
2	3	13	14	2.00461877449685e-02	0.00000000000000e+00	0.00000000000000e+00	0.00000000000000e+00	-5.52920307031797e+03	-2.16643074459862e-02	1.19786355246660e+02	0.00000000000000e+00	1
3	4	14	15	2.00449287818744e-02	0.00000000000000e+00	0.00000000000000e+00	0.00000000000000e+00	-5.52920307031803e+03	-2.18918183975937e-02	1.21044309498820e+02	0.00000000000000e+00	1
4	5	15	16	2.00445165683240e-02	0.00000000000000e+00	0.00000000000000e+00	0.00000000000000e+00	-5.52920307031797e+03	-2.28052362783895e-02	1.26094782449798e+02	0.00000000000000e+00	1
5	6	16	17	2.00455378588927e-02	0.00000000000000e+00	0.00000000000000e+00	0.00000000000000e+00	-5.52920307031808e+03	-2.21877959652672e-02	1.22680829574746e+02	0.00000000000000e+00	1
6	7	17	18	2.00489829640630e-02	0.00000000000000e+00	0.00000000000000e+00	0.00000000000000e+00	-5.52920307031803e+03	-2.05905243133123e-02	1.13849190252624e+02	0.00000000000000e+00	1
7	8	18	19	2.00560394321589e-02	0.00000000000000e+00	0.00000000000000e+00	0.00000000000000e+00	-5.52920307031797e+03	-1.79190674359144e-02	9.90781626838927e+01	0.00000000000000e+00	1
8	9	19	20	2.00657732059139e-02	0.00000000000000e+00	0.00000000000000e+00	0.00000000000000e+00	-5.52920307031808e+03	-1.55845740776854e-02	8.61702748399376e+01	0.00000000000000e+00	1
9	10	20	21	2.00752661051445e-02	0.00000000000000e+00	0.00000000000000e+00	0.00000000000000e+00	-5.52920307031803e+03	-1.35642754611258e-02	7.49996335262963e+01	0.00000000000000e+00	1
10	11	21	22	2.00820217138416e-02	0.00000000000000e+00	0.00000000000000e+00	0.00000000000000e+00	-5.52920307031797e+03	-1.23718436366783e-02	6.84064358214154e+01	0.00000000000000e+00	1
11	12	22	23	2.00853929446131e-02	0.00000000000000e+00	0.00000000000000e+00	0.00000000000000e+00	-5.52920307031808e+03	-1.15710328325165e-02	6.39785902643013e+01	0.00000000000000e+00	1
12	13	23	24	2.00858388048040e-02	0.00000000000000e+00	0.00000000000000e+00	0.00000000000000e+00	-5.52920307031803e+03	-1.20063659993084e-02	6.63856357467378e+01	0.00000000000000e+00	1
13	14	24	25	2.00848815967562e-02	0.00000000000000e+00	0.00000000000000e+00	0.00000000000000e+00	-5.52920307031797e+03	-1.20689584214521e-02	6.67317219594327e+01	0.00000000000000e+00	1
14	15	25	26	2.00842227807876e-02	0.00000000000000e+00	0.00000000000000e+00	0.00000000000000e+00	-5.52920307031808e+03	-1.21256566524580e-02	6.70452179923935e+01	0.00000000000000e+00	1
15	16	26	27	2.00839209387483e-02	0.00000000000000e+00	0.00000000000000e+00	0.00000000000000e+00	-5.52920307031803e+03	-1.17922752018361e-02	6.52018842520273e+01	0.00000000000000e+00	1
16	17	27	28	2.00841799761526e-02	0.00000000000000e+00	0.00000000000000e+00	0.00000000000000e+00	-5.52920307031797e+03	-1.21371864325866e-02	6.71089684880795e+01	0.00000000000000e+00	1
17	18	28	29	2.00846133583683e-02	0.00000000000000e+00	0.00000000000000e+00	0.00000000000000e+00	-5.52920307031808e+03	-1.14902209818095e-02	6.35317651312542e+01	0.00000000000000e+00	1
18	19	29	30	2.00837186945129e-02	0.00000000000000e+00	0.00000000000000e+00	0.00000000000000e+00	-5.52920307031803e+03	-1.19703017976529e-02	6.61862294522160e+01	0.00000000000000e+00	1
19	20	30	31	2.00800280214076e-02	0.00000000000000e+00	0.00000000000000e+00	0.00000000000000e+00	-5.52920307031797e+03	-1.25644379038311e-02	6.94713286346823e+01	0.00000000000000e+00	1
1	2	13	14	2.00609198883129e-02	0.00000000000000e+00	0.00000000000000e+00	0.00000000000000e+00	-7.18796399141354e+03	-1.58757774442317e-02	1.14114516604833e+02	0.00000000000000e+00	1
2	3	14	15	2.00585188233197e-02	0.00000000000000e+00	0.00000000000000e+00	0.00000000000000e+00	-7.18796399141345e+03	-1.74292737976937e-02	1.25280992454308e+02	0.00000000000000e+00	1
3	4	15	16	2.00564948074662e-02	0.00000000000000e+00	0.00000000000000e+00	0.00000000000000e+00	-7.18796399141345e+03	-1.72176706200123e-02	1.23759996432666e+02	0.00000000000000e+00	1
4	5	16	17	2.00559995794115e-02	0.00000000000000e+00	0.00000000000000e+00	0.00000000000000e+00	-7.18796399141354e+03	-1.77333125703034e-02	1.27466412203822e+02	0.00000000000000e+00	1
5	6	17	18	2.00581830101104e-02	0.00000000000000e+00	0.00000000000000e+00	0.00000000000000e+00	-7.18796399141345e+03	-1.77251862827485e-02	1.27408000741492e+02	0.00000000000000e+00	1
6	7	18	19	2.00644442245035e-02	0.00000000000000e+00	0.00000000000000e+00	0.00000000000000e+00	-7.18796399141354e+03	-1.57154374873256e-02	1.12961998768207e+02	0.00000000000000e+00	1
7	8	19	20	2.00759785704151e-02	0.00000000000000e+00	0.00000000000000e+00	0.00000000000000e+00	-7.18796399141354e+03	-1.31051512114208e-02	9.41993550097219e+01	0.00000000000000e+00	1
8	9	20	21	2.00903677436882e-02	0.00000000000000e+00	0.00000000000000e+00	0.00000000000000e+00	-7.18796399141345e+03	-1.09480605347361e-02	7.86942648994976e+01	0.00000000000000e+00	1
9	10	21	22	2.01018453279907e-02	0.00000000000000e+00	0.00000000000000e+00	0.00000000000000e+00	-7.18796399141354e+03	-9.59234215228437e-03	6.89494099839383e+01	0.00000000000000e+00	1
10	11	22	23	2.01075959585617e-02	0.00000000000000e+00	0.00000000000000e+00	0.00000000000000e+00	-7.18796399141354e+03	-9.04528751540478e-03	6.50172009527119e+01	0.00000000000000e+00	1
11	12	23	24	2.01085930437489e-02	0.00000000000000e+00	0.00000000000000e+00	0.00000000000000e+00	-7.18796399141345e+03	-9.36925963406906e-03	6.73459008758919e+01	0.00000000000000e+00	1
12	13	24	25	2.01073463476746e-02	0.00000000000000e+00	0.00000000000000e+00	0.00000000000000e+00	-7.18796399141354e+03	-9.33470482758299e-03	6.70975221711406e+01	0.00000000000000e+00	1
13	14	25	26	2.01057116293716e-02	0.00000000000000e+00	0.00000000000000e+00	0.00000000000000e+00	-7.18796399141354e+03	-9.35215735700890e-03	6.72229703242132e+01	0.00000000000000e+00	1
14	15	26	27	2.01048357804768e-02	0.00000000000000e+00	0.00000000000000e+00	0.00000000000000e+00	-7.18796399141345e+03	-9.64321959448911e-03	6.93151152064803e+01	0.00000000000000e+00	1
15	16	27	28	2.01050395890114e-02	0.00000000000000e+00	0.00000000000000e+00	0.00000000000000e+00	-7.18796399141345e+03	-9.40763276230002e-03	6.76217255398540e+01	0.00000000000000e+00	1
16	17	28	29	2.01061342636071e-02	0.00000000000000e+00	0.00000000000000e+00	0.00000000000000e+00	-7.18796399141354e+03	-9.13212902137624e-03	6.56414145705950e+01	0.00000000000000e+00	1
17	18	29	30	2.01075631083028e-02	0.00000000000000e+00	0.00000000000000e+00	0.00000000000000e+00	-7.18796399141345e+03	-9.09963005861458e-03	6.54078131965050e+01	0.00000000000000e+00	1
18	19	30	31	2.01073395859724e-02	0.00000000000000e+00	0.00000000000000e+00	0.00000000000000e+00	-7.18796399141345e+03	-9.54682884818505e-03	6.86222619929412e+01	0.00000000000000e+00	1
1	2	14	15	2.00756940257412e-02	0.00000000000000e+00	0.00000000000000e+00	0.00000000000000e+00	-9.14831780725342e+03	-1.36069743886235e-02	1.24480926102285e+02	0.00000000000000e+00	1
2	3	15	16	2.00723363605251e-02	0.00000000000000e+00	0.00000000000000e+00	0.00000000000000e+00	-9.14831780725342e+03	-1.41283552570690e-02	1.29250683985447e+02	0.00000000000000e+00	1
3	4	16	17	2.00699779939820e-02	0.00000000000000e+00	0.00000000000000e+00	0.00000000000000e+00	-9.14831780725342e+03	-1.40513693577563e-02	1.28546392511857e+02	0.00000000000000e+00	1
4	5	17	18	2.00704908119620e-02	0.00000000000000e+00	0.00000000000000e+00	0.00000000000000e+00	-9.14831780725342e+03	-1.45908961667372e-02	1.33482155225948e+02	0.00000000000000e+00	1
5	6	18	19	2.00753376510732e-02	0.00000000000000e+00	0.00000000000000e+00	0.00000000000000e+00	-9.14831780725327e+03	-1.31352079475038e-02	1.20165056768124e+02	0.00000000000000e+00	1
6	7	19	20	2.00856599821610e-02	0.00000000000000e+00	0.00000000000000e+00	0.00000000000000e+00	-9.14831780725327e+03	-1.15172911428936e-02	1.05363839653854e+02	0.00000000000000e+00	1
7	8	20	21	2.01015500985319e-02	0.00000000000000e+00	0.00000000000000e+00	0.00000000000000e+00	-9.14831780725342e+03	-1.02562902332431e-02	9.38278025771371e+01	0.00000000000000e+00	1
8	9	21	22	2.01178253909854e-02	0.00000000000000e+00	0.00000000000000e+00	0.00000000000000e+00	-9.14831780725327e+03	-8.60220533440943e-03	7.86957082424269e+01	0.00000000000000e+00	1
9	10	22	23	2.01279771141302e-02	0.00000000000000e+00	0.00000000000000e+00	0.00000000000000e+00	-9.14831780725327e+03	-7.84195042536866e-03	7.17406547199974e+01	0.00000000000000e+00	1
10	11	23	24	2.01311478879375e-02	0.00000000000000e+00	0.00000000000000e+00	0.00000000000000e+00	-9.14831780725342e+03	-7.81065231956136e-03	7.14543297013084e+01	0.00000000000000e+00	1
11	12	24	25	2.01305962026838e-02	0.00000000000000e+00	0.00000000000000e+00	0.00000000000000e+00	-9.14831780725327e+03	-7.97353682650085e-03	7.29444489366674e+01	0.00000000000000e+00	1
12	13	25	26	2.01289223771279e-02	0.00000000000000e+00	0.00000000000000e+00	0.00000000000000e+00	-9.14831780725342e+03	-7.93974571897099e-03	7.26353171459264e+01	0.00000000000000e+00	1
13	14	26	27	2.01271254032664e-02	0.00000000000000e+00	0.00000000000000e+00	0.00000000000000e+00	-9.14831780725342e+03	-7.81887610409874e-03	7.15295634958347e+01	0.00000000000000e+00	1
14	15	27	28	2.01267917719252e-02	0.00000000000000e+00	0.00000000000000e+00	0.00000000000000e+00	-9.14831780725342e+03	-8.13218459085806e-03	7.43958091044186e+01	0.00000000000000e+00	1
15	16	28	29	2.01278269997496e-02	0.00000000000000e+00	0.00000000000000e+00	0.00000000000000e+00	-9.14831780725342e+03	-7.90389652551488e-03	7.23073573310562e+01	0.00000000000000e+00	1
16	17	29	30	2.01300347897274e-02	0.00000000000000e+00	0.00000000000000e+00	0.00000000000000e+00	-9.14831780725342e+03	-7.61744424476880e-03	6.96868008301785e+01	0.00000000000000e+00	1
17	18	30	31	2.01328859351051e-02	0.00000000000000e+00	0.00000000000000e+00	0.00000000000000e+00	-9.14831780725342e+03	-7.47826961427454e-03	6.84135870797099e+01	0.00000000000000e+00	1
1	2	15	16	2.00920813789171e-02	0.00000000000000e+00	0.00000000000000e+00	0.00000000000000e+00	-1.14353972590669e+04	-1.07665601675994e-02	1.23119892630145e+02	0.00000000000000e+00	1
2	3	16	17	2.00884082505703e-02	0.00000000000000e+00	0.00000000000000e+00	0.00000000000000e+00	-1.14353972590669e+04	-1.09914043604240e-02	1.25691075296488e+02	0.00000000000000e+00	1
3	4	17	18	2.00870625935971e-02	0.00000000000000e+00	0.00000000000000e+00	0.00000000000000e+00	-1.14353972590669e+04	-1.13021999330068e-02	1.29245146135331e+02	0.00000000000000e+00	1
4	5	18	19	2.00902382240564e-02	0.00000000000000e+00	0.00000000000000e+00	0.00000000000000e+00	-1.14353972590669e+04	-1.08846026347378e-02	1.24469755135312e+02	0.00000000000000e+00	1
5	6	19	20	2.00988206328657e-02	0.00000000000000e+00	0.00000000000000e+00	0.00000000000000e+00	-1.14353972590671e+04	-1.05486194340936e-02	1.20627653763576e+02	0.00000000000000e+00	1
6	7	20	21	2.01123472983406e-02	0.00000000000000e+00	0.00000000000000e+00	0.00000000000000e+00	-1.14353972590671e+04	-9.09259164634226e-03	1.03977397590399e+02	0.00000000000000e+00	1
7	8	21	22	2.01286635845830e-02	0.00000000000000e+00	0.00000000000000e+00	0.00000000000000e+00	-1.14353972590669e+04	-7.99114310656790e-03	9.13818959776575e+01	0.00000000000000e+00	1
8	9	22	23	2.01427900956698e-02	0.00000000000000e+00	0.00000000000000e+00	0.00000000000000e+00	-1.14353972590671e+04	-7.08389225752932e-03	8.10071221052773e+01	0.00000000000000e+00	1
9	10	23	24	2.01504287162436e-02	0.00000000000000e+00	0.00000000000000e+00	0.00000000000000e+00	-1.14353972590671e+04	-6.68456175398567e-03	7.64406191595924e+01	0.00000000000000e+00	1
10	11	24	25	2.01526613851197e-02	0.00000000000000e+00	0.00000000000000e+00	0.00000000000000e+00	-1.14353972590669e+04	-6.52414178550257e-03	7.46061530916996e+01	0.00000000000000e+00	1
11	12	25	26	2.01523557538760e-02	0.00000000000000e+00	0.00000000000000e+00	0.00000000000000e+00	-1.14353972590669e+04	-6.51609730487109e-03	7.45141612599358e+01	0.00000000000000e+00	1
12	13	26	27	2.01509231292073e-02	0.00000000000000e+00	0.00000000000000e+00	0.00000000000000e+00	-1.14353972590669e+04	-6.64279429690542e-03	7.59629916953772e+01	0.00000000000000e+00	1
13	14	27	28	2.01498271298617e-02	0.00000000000000e+00	0.00000000000000e+00	0.00000000000000e+00	-1.14353972590669e+04	-6.44676139607524e-03	7.37212775985369e+01	0.00000000000000e+00	1
14	15	28	29	2.01503153732587e-02	0.00000000000000e+00	0.00000000000000e+00	0.00000000000000e+00	-1.14353972590669e+04	-6.83192894789705e-03	7.81258215649214e+01	0.00000000000000e+00	1
15	16	29	30	2.01523602075425e-02	0.00000000000000e+00	0.00000000000000e+00	0.00000000000000e+00	-1.14353972590669e+04	-6.41695081413749e-03	7.33803817515547e+01	0.00000000000000e+00	1
16	17	30	31	2.01559872517542e-02	0.00000000000000e+00	0.00000000000000e+00	0.00000000000000e+00	-1.14353972590669e+04	-6.33683692507031e-03	7.24642476041027e+01	0.00000000000000e+00	1
1	2	16	17	2.01111310624942e-02	0.00000000000000e+00	0.00000000000000e+00	0.00000000000000e+00	-1.40743350880824e+04	-9.16073984388368e-03	1.28931322217567e+02	0.00000000000000e+00	1
2	3	17	18	2.01088675596035e-02	0.00000000000000e+00	0.00000000000000e+00	0.00000000000000e+00	-1.40743350880824e+04	-8.94873066910807e-03	1.25947434050027e+02	0.00000000000000e+00	1
3	4	18	19	2.01104350616243e-02	0.00000000000000e+00	0.00000000000000e+00	0.00000000000000e+00	-1.40743350880824e+04	-8.70927931206187e-03	1.22577315413663e+02	0.00000000000000e+00	1
4	5	19	20	2.01171930908459e-02	0.00000000000000e+00	0.00000000000000e+00	0.00000000000000e+00	-1.40743350880824e+04	-8.22691285306263e-03	1.15788328234456e+02	0.00000000000000e+00	1
5	6	20	21	2.01279190767523e-02	0.00000000000000e+00	0.00000000000000e+00	0.00000000000000e+00	-1.40743350880821e+04	-7.77293567205645e-03	1.09398901266629e+02	0.00000000000000e+00	1
6	7	21	22	2.01395754595628e-02	0.00000000000000e+00	0.00000000000000e+00	0.00000000000000e+00	-1.40743350880821e+04	-7.09983122796518e-03	9.99254037712112e+01	0.00000000000000e+00	1
7	8	22	23	2.01517676253815e-02	0.00000000000000e+00	0.00000000000000e+00	0.00000000000000e+00	-1.40743350880824e+04	-6.74161580155544e-03	9.48837598262026e+01	0.00000000000000e+00	1
8	9	23	24	2.01630051110123e-02	0.00000000000000e+00	0.00000000000000e+00	0.00000000000000e+00	-1.40743350880821e+04	-6.01342094971631e-03	8.46349014720001e+01	0.00000000000000e+00	1
9	10	24	25	2.01704271105052e-02	0.00000000000000e+00	0.00000000000000e+00	0.00000000000000e+00	-1.40743350880821e+04	-5.69779218406121e-03	8.01926364607324e+01	0.00000000000000e+00	1
10	11	25	26	2.01739300585670e-02	0.00000000000000e+00	0.00000000000000e+00	0.00000000000000e+00	-1.40743350880824e+04	-5.66202527034316e-03	7.96892409320001e+01	0.00000000000000e+00	1
11	12	26	27	2.01746324915528e-02	0.00000000000000e+00	0.00000000000000e+00	0.00000000000000e+00	-1.40743350880824e+04	-5.88516664654127e-03	8.28298074326281e+01	0.00000000000000e+00	1
12	13	27	28	2.01743419703160e-02	0.00000000000000e+00	0.00000000000000e+00	0.00000000000000e+00	-1.40743350880821e+04	-5.73660700312959e-03	8.07389292306842e+01	0.00000000000000e+00	1
13	14	28	29	2.01741940145201e-02	0.00000000000000e+00	0.00000000000000e+00	0.00000000000000e+00	-1.40743350880824e+04	-5.67842861763440e-03	7.99201071383431e+01	0.00000000000000e+00	1
14	15	29	30	2.01756170331916e-02	0.00000000000000e+00	0.00000000000000e+00	0.00000000000000e+00	-1.40743350880824e+04	-5.75092343164751e-03	8.09404234429119e+01	0.00000000000000e+00	1
15	16	30	31	2.01788784337107e-02	0.00000000000000e+00	0.00000000000000e+00	0.00000000000000e+00	-1.40743350880821e+04	-5.49704296800059e-03	7.73672247252256e+01	0.00000000000000e+00	1
1	2	17	18	2.01355248272287e-02	0.00000000000000e+00	0.00000000000000e+00	0.00000000000000e+00	-1.70902640355283e+04	-7.41156135439921e-03	1.26665540462201e+02	0.00000000000000e+00	1
2	3	18	19	2.01369648889670e-02	0.00000000000000e+00	0.00000000000000e+00	0.00000000000000e+00	-1.70902640355281e+04	-7.22366336512406e-03	1.23454314213742e+02	0.00000000000000e+00	1
3	4	19	20	2.01422419294456e-02	0.00000000000000e+00	0.00000000000000e+00	0.00000000000000e+00	-1.70902640355283e+04	-6.97355335241286e-03	1.19179868058580e+02	0.00000000000000e+00	1
4	5	20	21	2.01501520375433e-02	0.00000000000000e+00	0.00000000000000e+00	0.00000000000000e+00	-1.70902640355283e+04	-6.59822646677144e-03	1.12765432483335e+02	0.00000000000000e+00	1
5	6	21	22	2.01567340792967e-02	0.00000000000000e+00	0.00000000000000e+00	0.00000000000000e+00	-1.70902640355283e+04	-6.13847845262575e-03	1.04908217531776e+02	0.00000000000000e+00	1
6	7	22	23	2.01616626586336e-02	0.00000000000000e+00	0.00000000000000e+00	0.00000000000000e+00	-1.70902640355281e+04	-6.25050879397361e-03	1.06822845645399e+02	0.00000000000000e+00	1
7	8	23	24	2.01696616196909e-02	0.00000000000000e+00	0.00000000000000e+00	0.00000000000000e+00	-1.70902640355283e+04	-5.68276819838365e-03	9.71200089630802e+01	0.00000000000000e+00	1
8	9	24	25	2.01807992815707e-02	0.00000000000000e+00	0.00000000000000e+00	0.00000000000000e+00	-1.70902640355283e+04	-5.49864143192238e-03	9.39732339082490e+01	0.00000000000000e+00	1
9	10	25	26	2.01904223606367e-02	0.00000000000000e+00	0.00000000000000e+00	0.00000000000000e+00	-1.70902640355288e+04	-5.29049224380221e-03	9.04159093244972e+01	0.00000000000000e+00	1
10	11	26	27	2.01959922922296e-02	0.00000000000000e+00	0.00000000000000e+00	0.00000000000000e+00	-1.70902640355286e+04	-5.20149166994599e-03	8.88948660179795e+01	0.00000000000000e+00	1
11	12	27	28	2.01985824961928e-02	0.00000000000000e+00	0.00000000000000e+00	0.00000000000000e+00	-1.70902640355283e+04	-4.98980170378421e-03	8.52770286026013e+01	0.00000000000000e+00	1
12	13	28	29	2.01996282742854e-02	0.00000000000000e+00	0.00000000000000e+00	0.00000000000000e+00	-1.70902640355288e+04	-4.99475066947548e-03	8.53616077329704e+01	0.00000000000000e+00	1
13	14	29	30	2.02004970995029e-02	0.00000000000000e+00	0.00000000000000e+00	0.00000000000000e+00	-1.70902640355286e+04	-4.92235624346981e-03	8.41243678778317e+01	0.00000000000000e+00	1
14	15	30	31	2.02029978766732e-02	0.00000000000000e+00	0.00000000000000e+00	0.00000000000000e+00	-1.70902640355283e+04	-5.00276260857693e-03	8.54985338876482e+01	0.00000000000000e+00	1
1	2	18	19	2.01691708524725e-02	0.00000000000000e+00	0.00000000000000e+00	0.00000000000000e+00	-2.05083168426343e+04	-5.75627596655626e-03	1.18051531355777e+02	0.00000000000000e+00	1
2	3	19	20	2.01750789229364e-02	0.00000000000000e+00	0.00000000000000e+00	0.00000000000000e+00	-2.05083168426343e+04	-5.79873551433341e-03	1.18922305214586e+02	0.00000000000000e+00	1
3	4	20	21	2.01806484630236e-02	0.00000000000000e+00	0.00000000000000e+00	0.00000000000000e+00	-2.05083168426339e+04	-5.55004167407908e-03	1.13822013141836e+02	0.00000000000000e+00	1
4	5	21	22	2.01819666452125e-02	0.00000000000000e+00	0.00000000000000e+00	0.00000000000000e+00	-2.05083168426343e+04	-5.61990151684829e-03	1.15254720931926e+02	0.00000000000000e+00	1
5	6	22	23	2.01792148083469e-02	0.00000000000000e+00	0.00000000000000e+00	0.00000000000000e+00	-2.05083168426347e+04	-5.54020550694596e-03	1.13620289909757e+02	0.00000000000000e+00	1
6	7	23	24	2.01782181425396e-02	0.00000000000000e+00	0.00000000000000e+00	0.00000000000000e+00	-2.05083168426347e+04	-5.48276087631639e-03	1.12442197223898e+02	0.00000000000000e+00	1
7	8	24	25	2.01854011079417e-02	0.00000000000000e+00	0.00000000000000e+00	0.00000000000000e+00	-2.05083168426343e+04	-5.52890103295549e-03	1.13388454175419e+02	0.00000000000000e+00	1
8	9	25	26	2.01989648154565e-02	0.00000000000000e+00	0.00000000000000e+00	0.00000000000000e+00	-2.05083168426339e+04	-5.12666840405389e-03	1.05139339977458e+02	0.00000000000000e+00	1
9	10	26	27	2.02115888309306e-02	0.00000000000000e+00	0.00000000000000e+00	0.00000000000000e+00	-2.05083168426336e+04	-4.62648677417786e-03	9.48814566330932e+01	0.00000000000000e+00	1
10	11	27	28	2.02200334274191e-02	0.00000000000000e+00	0.00000000000000e+00	0.00000000000000e+00	-2.05083168426343e+04	-4.58447740605724e-03	9.40199152013202e+01	0.00000000000000e+00	1
11	12	28	29	2.02246537256116e-02	0.00000000000000e+00	0.00000000000000e+00	0.00000000000000e+00	-2.05083168426339e+04	-4.45718097430166e-03	9.14092796459383e+01	0.00000000000000e+00	1
12	13	29	30	2.02270620025841e-02	0.00000000000000e+00	0.00000000000000e+00	0.00000000000000e+00	-2.05083168426336e+04	-4.34164002826395e-03	8.90397293162977e+01	0.00000000000000e+00	1
13	14	30	31	2.02290472401302e-02	0.00000000000000e+00	0.00000000000000e+00	0.00000000000000e+00	-2.05083168426343e+04	-4.30019652271907e-03	8.81897927735171e+01	0.00000000000000e+00	1
1	2	19	20	2.02146602882847e-02	0.00000000000000e+00	0.00000000000000e+00	0.00000000000000e+00	-2.43536262506271e+04	-4.75827109954947e-03	1.15881155957588e+02	0.00000000000000e+00	1
2	3	20	21	2.02205213112832e-02	0.00000000000000e+00	0.00000000000000e+00	0.00000000000000e+00	-2.43536262506276e+04	-4.65126572353209e-03	1.13275187023256e+02	0.00000000000000e+00	1
3	4	21	22	2.02168438572661e-02	0.00000000000000e+00	0.00000000000000e+00	0.00000000000000e+00	-2.43536262506276e+04	-4.63493255138414e-03	1.12877415053277e+02	0.00000000000000e+00	1
4	5	22	23	2.02059713900436e-02	0.00000000000000e+00	0.00000000000000e+00	0.00000000000000e+00	-2.43536262506271e+04	-4.69339305279601e-03	1.14301140255084e+02	0.00000000000000e+00	1
5	6	23	24	2.01956172998329e-02	0.00000000000000e+00	0.00000000000000e+00	0.00000000000000e+00	-2.43536262506266e+04	-5.02939434048060e-03	1.22483990035081e+02	0.00000000000000e+00	1
6	7	24	25	2.01928264263055e-02	0.00000000000000e+00	0.00000000000000e+00	0.00000000000000e+00	-2.43536262506271e+04	-5.16457341396344e-03	1.25776090667591e+02	0.00000000000000e+00	1
7	8	25	26	2.02018619148896e-02	0.00000000000000e+00	0.00000000000000e+00	0.00000000000000e+00	-2.43536262506282e+04	-4.91186527802352e-03	1.19621731174423e+02	0.00000000000000e+00	1
8	9	26	27	2.02186829109669e-02	0.00000000000000e+00	0.00000000000000e+00	0.00000000000000e+00	-2.43536262506276e+04	-4.55155916437176e-03	1.10846970746729e+02	0.00000000000000e+00	1
9	10	27	28	2.02350158566781e-02	0.00000000000000e+00	0.00000000000000e+00	0.00000000000000e+00	-2.43536262506271e+04	-4.39818181785186e-03	1.07111676174268e+02	0.00000000000000e+00	1
10	11	28	29	2.02464427047139e-02	0.00000000000000e+00	0.00000000000000e+00	0.00000000000000e+00	-2.43536262506282e+04	-4.13173595966878e-03	1.00622753328054e+02	0.00000000000000e+00	1
11	12	29	30	2.02530962626761e-02	0.00000000000000e+00	0.00000000000000e+00	0.00000000000000e+00	-2.43536262506276e+04	-3.95996170710804e-03	9.64394273817066e+01	0.00000000000000e+00	1
12	13	30	31	2.02569323930549e-02	0.00000000000000e+00	0.00000000000000e+00	0.00000000000000e+00	-2.43536262506271e+04	-3.86146323709453e-03	9.40406324567370e+01	0.00000000000000e+00	1
1	2	20	21	2.02681843085197e-02	0.00000000000000e+00	0.00000000000000e+00	0.00000000000000e+00	-2.86513250007400e+04	-3.72958304927896e-03	1.06857496062143e+02	0.00000000000000e+00	1
2	3	21	22	2.02623270905425e-02	0.00000000000000e+00	0.00000000000000e+00	0.00000000000000e+00	-2.86513250007400e+04	-3.89465067651160e-03	1.11586902297086e+02	0.00000000000000e+00	1
3	4	22	23	2.02432955696993e-02	0.00000000000000e+00	0.00000000000000e+00	0.00000000000000e+00	-2.86513250007400e+04	-3.97697402628648e-03	1.13945575346636e+02	0.00000000000000e+00	1
4	5	23	24	2.02230732824573e-02	0.00000000000000e+00	0.00000000000000e+00	0.00000000000000e+00	-2.86513250007400e+04	-4.54203577961082e-03	1.30135343286619e+02	0.00000000000000e+00	1
5	6	24	25	2.02101439029184e-02	0.00000000000000e+00	0.00000000000000e+00	0.00000000000000e+00	-2.86513250007408e+04	-4.78653042056201e-03	1.37140438705455e+02	0.00000000000000e+00	1
6	7	25	26	2.02084343249553e-02	0.00000000000000e+00	0.00000000000000e+00	0.00000000000000e+00	-2.86513250007393e+04	-4.76806246187219e-03	1.36611307218925e+02	0.00000000000000e+00	1
7	8	26	27	2.02201727188287e-02	0.00000000000000e+00	0.00000000000000e+00	0.00000000000000e+00	-2.86513250007386e+04	-4.36345601859162e-03	1.25018796515098e+02	0.00000000000000e+00	1
8	9	27	28	2.02408564855465e-02	0.00000000000000e+00	0.00000000000000e+00	0.00000000000000e+00	-2.86513250007408e+04	-4.13767020628559e-03	1.18549733826171e+02	0.00000000000000e+00	1
9	10	28	29	2.02609968619249e-02	0.00000000000000e+00	0.00000000000000e+00	0.00000000000000e+00	-2.86513250007393e+04	-3.89332104065889e-03	1.11548806468135e+02	0.00000000000000e+00	1
10	11	29	30	2.02754147475979e-02	0.00000000000000e+00	0.00000000000000e+00	0.00000000000000e+00	-2.86513250007386e+04	-3.57881057619261e-03	1.02537664934575e+02	0.00000000000000e+00	1
11	12	30	31	2.02841537299255e-02	0.00000000000000e+00	0.00000000000000e+00	0.00000000000000e+00	-2.86513250007408e+04	-3.50514456260075e-03	1.00427036037653e+02	0.00000000000000e+00	1
1	2	21	22	2.03161959465263e-02	0.00000000000000e+00	0.00000000000000e+00	0.00000000000000e+00	-3.34265458341953e+04	-3.08976312140163e-03	1.03280108594338e+02	0.00000000000000e+00	1
2	3	22	23	2.02919004324600e-02	0.00000000000000e+00	0.00000000000000e+00	0.00000000000000e+00	-3.34265458341953e+04	-3.47931714736642e-03	1.16301554098145e+02	0.00000000000000e+00	1
3	4	23	24	2.02616959718595e-02	0.00000000000000e+00	0.00000000000000e+00	0.00000000000000e+00	-3.34265458341963e+04	-3.75514664749341e-03	1.25521581526567e+02	0.00000000000000e+00	1
4	5	24	25	2.02382894513097e-02	0.00000000000000e+00	0.00000000000000e+00	0.00000000000000e+00	-3.34265458341953e+04	-4.22493096341054e-03	1.41224848494754e+02	0.00000000000000e+00	1
5	6	25	26	2.02259571895656e-02	0.00000000000000e+00	0.00000000000000e+00	0.00000000000000e+00	-3.34265458341953e+04	-4.44979104114426e-03	1.48741144189400e+02	0.00000000000000e+00	1
6	7	26	27	2.02261457366472e-02	0.00000000000000e+00	0.00000000000000e+00	0.00000000000000e+00	-3.34265458341973e+04	-4.33137723663051e-03	1.44782979725429e+02	0.00000000000000e+00	1
7	8	27	28	2.02410440630721e-02	0.00000000000000e+00	0.00000000000000e+00	0.00000000000000e+00	-3.34265458341953e+04	-4.20836226672304e-03	1.40671014195516e+02	0.00000000000000e+00	1
8	9	28	29	2.02656746096240e-02	0.00000000000000e+00	0.00000000000000e+00	0.00000000000000e+00	-3.34265458341953e+04	-3.77274211810019e-03	1.26109737331275e+02	0.00000000000000e+00	1
9	10	29	30	2.02896604141644e-02	0.00000000000000e+00	0.00000000000000e+00	0.00000000000000e+00	-3.34265458341973e+04	-3.39551135724883e-03	1.13500216013615e+02	0.00000000000000e+00	1
10	11	30	31	2.03071306779524e-02	0.00000000000000e+00	0.00000000000000e+00	0.00000000000000e+00	-3.34265458341953e+04	-3.11864544333124e-03	1.04245544852116e+02	0.00000000000000e+00	1
1	2	22	23	2.03489871775572e-02	0.00000000000000e+00	0.00000000000000e+00	0.00000000000000e+00	-3.87044214922249e+04	-2.93711264581187e-03	1.13679245813646e+02	0.00000000000000e+00	1
2	3	23	24	2.03119572295748e-02	0.00000000000000e+00	0.00000000000000e+00	0.00000000000000e+00	-3.87044214922236e+04	-3.12447378960411e-03	1.20930950494242e+02	0.00000000000000e+00	1
3	4	24	25	2.02781515188922e-02	0.00000000000000e+00	0.00000000000000e+00	0.00000000000000e+00	-3.87044214922236e+04	-3.60767372609965e-03	1.39632924501382e+02	0.00000000000000e+00	1
4	5	25	26	2.02551450286628e-02	0.00000000000000e+00	0.00000000000000e+00	0.00000000000000e+00	-3.87044214922262e+04	-3.96261984490151e-03	1.53370908690528e+02	0.00000000000000e+00	1
5	6	26	27	2.02441846304193e-02	0.00000000000000e+00	0.00000000000000e+00	0.00000000000000e+00	-3.87044214922236e+04	-4.02652972984152e-03	1.55844503814755e+02	0.00000000000000e+00	1
6	7	27	28	2.02465393096098e-02	0.00000000000000e+00	0.00000000000000e+00	0.00000000000000e+00	-3.87044214922249e+04	-4.09601619036208e-03	1.58533937070751e+02	0.00000000000000e+00	1
7	8	28	29	2.02645764886670e-02	0.00000000000000e+00	0.00000000000000e+00	0.00000000000000e+00	-3.87044214922262e+04	-3.73430193478036e-03	1.44533996062975e+02	0.00000000000000e+00	1
8	9	29	30	2.02931979586102e-02	0.00000000000000e+00	0.00000000000000e+00	0.00000000000000e+00	-3.87044214922236e+04	-3.43816969149208e-03	1.33072368901298e+02	0.00000000000000e+00	1
9	10	30	31	2.03211057437707e-02	0.00000000000000e+00	0.00000000000000e+00	0.00000000000000e+00	-3.87044214922249e+04	-3.10190937070968e-03	1.20057607714629e+02	0.00000000000000e+00	1
1	2	23	24	2.03706230434098e-02	0.00000000000000e+00	0.00000000000000e+00	0.00000000000000e+00	-4.45100847160644e+04	-2.56559518104916e-03	1.14194858855625e+02	0.00000000000000e+00	1
2	3	24	25	2.03300213344147e-02	0.00000000000000e+00	0.00000000000000e+00	0.00000000000000e+00	-4.45100847160627e+04	-2.99080614973670e-03	1.33121035094102e+02	0.00000000000000e+00	1
3	4	25	26	2.02967186226076e-02	0.00000000000000e+00	0.00000000000000e+00	0.00000000000000e+00	-4.45100847160627e+04	-3.37100760909102e-03	1.50043834259133e+02	0.00000000000000e+00	1
4	5	26	27	2.02748362229322e-02	0.00000000000000e+00	0.00000000000000e+00	0.00000000000000e+00	-4.45100847160627e+04	-3.56902889137208e-03	1.58857778309047e+02	0.00000000000000e+00	1
5	6	27	28	2.02653475752741e-02	0.00000000000000e+00	0.00000000000000e+00	0.00000000000000e+00	-4.45100847160610e+04	-3.78861084478969e-03	1.68631389657777e+02	0.00000000000000e+00	1
6	7	28	29	2.02696627596584e-02	0.00000000000000e+00	0.00000000000000e+00	0.00000000000000e+00	-4.45100847160610e+04	-3.66451084742068e-03	1.63107688261619e+02	0.00000000000000e+00	1
7	8	29	30	2.02907903497295e-02	0.00000000000000e+00	0.00000000000000e+00	0.00000000000000e+00	-4.45100847160627e+04	-3.43241578087990e-03	1.52777117187715e+02	0.00000000000000e+00	1
8	9	30	31	2.03234556956326e-02	0.00000000000000e+00	0.00000000000000e+00	0.00000000000000e+00	-4.45100847160610e+04	-3.02090835253591e-03	1.34460886690830e+02	0.00000000000000e+00	1
1	2	24	25	2.03902824674287e-02	0.00000000000000e+00	0.00000000000000e+00	0.00000000000000e+00	-5.08686682469235e+04	-2.59336952084574e-03	1.31921253797585e+02	0.00000000000000e+00	1
2	3	25	26	2.03508126882995e-02	0.00000000000000e+00	0.00000000000000e+00	0.00000000000000e+00	-5.08686682469235e+04	-2.75820786027682e-03	1.40306360600478e+02	0.00000000000000e+00	1
3	4	26	27	2.03186766031451e-02	0.00000000000000e+00	0.00000000000000e+00	0.00000000000000e+00	-5.08686682469235e+04	-3.13971239272816e-03	1.59712988096443e+02	0.00000000000000e+00	1
4	5	27	28	2.02978564116659e-02	0.00000000000000e+00	0.00000000000000e+00	0.00000000000000e+00	-5.08686682469235e+04	-3.34921763152353e-03	1.70370240584717e+02	0.00000000000000e+00	1
5	6	28	29	2.02894426335660e-02	0.00000000000000e+00	0.00000000000000e+00	0.00000000000000e+00	-5.08686682469257e+04	-3.24322801427873e-03	1.64978689907480e+02	0.00000000000000e+00	1
6	7	29	30	2.02954996225171e-02	0.00000000000000e+00	0.00000000000000e+00	0.00000000000000e+00	-5.08686682469235e+04	-3.51587039370296e-03	1.78847644656456e+02	0.00000000000000e+00	1
7	8	30	31	2.03196465250645e-02	0.00000000000000e+00	0.00000000000000e+00	0.00000000000000e+00	-5.08686682469235e+04	-3.18638266601692e-03	1.62087042745362e+02	0.00000000000000e+00	1
1	2	25	26	2.04134340460363e-02	0.00000000000000e+00	0.00000000000000e+00	0.00000000000000e+00	-5.78053048260513e+04	-2.40753095964463e-03	1.39168061000413e+02	0.00000000000000e+00	1
2	3	26	27	2.03757079511436e-02	0.00000000000000e+00	0.00000000000000e+00	0.00000000000000e+00	-5.78053048260513e+04	-2.69251976954035e-03	1.55641926028449e+02	0.00000000000000e+00	1
3	4	27	28	2.03445193427906e-02	0.00000000000000e+00	0.00000000000000e+00	0.00000000000000e+00	-5.78053048260513e+04	-2.84759297352310e-03	1.64605979855024e+02	0.00000000000000e+00	1
4	5	28	29	2.03241565145583e-02	0.00000000000000e+00	0.00000000000000e+00	0.00000000000000e+00	-5.78053048260513e+04	-3.13064212416296e-03	1.80967722288517e+02	0.00000000000000e+00	1
5	6	29	30	2.03164274741083e-02	0.00000000000000e+00	0.00000000000000e+00	0.00000000000000e+00	-5.78053048260513e+04	-3.21573062602391e-03	1.85886289075781e+02	0.00000000000000e+00	1
6	7	30	31	2.03239693745217e-02	0.00000000000000e+00	0.00000000000000e+00	0.00000000000000e+00	-5.78053048260542e+04	-3.18503154481143e-03	1.84111719328423e+02	0.00000000000000e+00	1
1	2	26	27	2.04415257096082e-02	0.00000000000000e+00	0.00000000000000e+00	0.00000000000000e+00	-6.53451271946741e+04	-2.30359748955044e-03	1.50528870960005e+02	0.00000000000000e+00	1
2	3	27	28	2.04052046318782e-02	0.00000000000000e+00	0.00000000000000e+00	0.00000000000000e+00	-6.53451271946778e+04	-2.45527664261333e-03	1.60440364509689e+02	0.00000000000000e+00	1
3	4	28	29	2.03741370928881e-02	0.00000000000000e+00	0.00000000000000e+00	0.00000000000000e+00	-6.53451271946741e+04	-2.66429409713886e-03	1.74098636661558e+02	0.00000000000000e+00	1
4	5	29	30	2.03536616043250e-02	0.00000000000000e+00	0.00000000000000e+00	0.00000000000000e+00	-6.53451271946741e+04	-2.83194509741563e-03	1.85053812598958e+02	0.00000000000000e+00	1
5	6	30	31	2.03461850454570e-02	0.00000000000000e+00	0.00000000000000e+00	0.00000000000000e+00	-6.53451271946741e+04	-2.94017919350015e-03	1.92126383374402e+02	0.00000000000000e+00	1
1	2	27	28	2.04750430748581e-02	0.00000000000000e+00	0.00000000000000e+00	0.00000000000000e+00	-7.35132680939932e+04	-2.13179357484680e-03	1.56715112588765e+02	0.00000000000000e+00	1
2	3	28	29	2.04391113844854e-02	0.00000000000000e+00	0.00000000000000e+00	0.00000000000000e+00	-7.35132680939979e+04	-2.25559543089768e-03	1.65816191623178e+02	0.00000000000000e+00	1
3	4	29	30	2.04074115528492e-02	0.00000000000000e+00	0.00000000000000e+00	0.00000000000000e+00	-7.35132680940026e+04	-2.42611281924480e-03	1.78351482107440e+02	0.00000000000000e+00	1
4	5	30	31	2.03862175433321e-02	0.00000000000000e+00	0.00000000000000e+00	0.00000000000000e+00	-7.35132680939932e+04	-2.62539813392075e-03	1.93001596872386e+02	0.00000000000000e+00	1
1	2	28	29	2.05136873651247e-02	0.00000000000000e+00	0.00000000000000e+00	0.00000000000000e+00	-8.23348602652768e+04	-1.93172481202645e-03	1.59048292469166e+02	0.00000000000000e+00	1
2	3	29	30	2.04772499892562e-02	0.00000000000000e+00	0.00000000000000e+00	0.00000000000000e+00	-8.23348602652651e+04	-2.12984786299877e-03	1.75360726186277e+02	0.00000000000000e+00	1
3	4	30	31	2.04441446780954e-02	0.00000000000000e+00	0.00000000000000e+00	0.00000000000000e+00	-8.23348602652709e+04	-2.18837877820949e-03	1.80179860911363e+02	0.00000000000000e+00	1
1	2	29	30	2.05572023052791e-02	0.00000000000000e+00	0.00000000000000e+00	0.00000000000000e+00	-9.18350364497422e+04	-1.73189350466240e-03	1.59048503127743e+02	0.00000000000000e+00	1
2	3	30	31	2.05193678732794e-02	0.00000000000000e+00	0.00000000000000e+00	0.00000000000000e+00	-9.18350364497568e+04	-1.86146247823542e-03	1.70947474538604e+02	0.00000000000000e+00	1
1	2	30	31	2.06052683179885e-02	0.00000000000000e+00	0.00000000000000e+00	0.00000000000000e+00	-1.02038929388591e+05	-1.65346828986499e-03	1.68718134075808e+02	0.00000000000000e+00	1
0
